   2.0000000e+00   8.6160478e-01   1.2455817e+00   2.0317457e-01   8.8534224e-01   8.3755934e-01  -7.3456574e-01  -1.1318588e+00   5.2799575e-01  -2.6884484e+00  -1.7680033e+00
   2.0000000e+00  -9.8795878e-01  -2.0452204e-01  -6.4498585e-01  -1.5572050e+00   1.5042817e-01   4.3727112e-01  -9.4089556e-01   2.2998350e-01  -1.4014315e+00  -1.7775930e+00
   2.0000000e+00  -1.4792735e+00  -1.5041537e+00   1.2886975e+00  -6.2794730e-02   4.1465414e-02   7.2648111e-01  -6.0938976e-01  -8.9411710e-02  -1.6063253e-01  -1.1770722e+00
   2.0000000e+00  -2.2092142e-01  -1.9266796e+00   6.4167247e-01   1.5177872e-02   4.3387973e-01  -1.1016208e+00  -1.4484939e-01   9.1979966e-01   5.9497724e-01  -3.2167627e-01
   2.0000000e+00  -1.5214990e-01   7.4871665e-01   1.4229458e-01   6.6819026e-01  -7.1304750e-01   2.1270767e+00   1.4018703e+00   1.3887982e+00   7.3655028e-01   2.7600693e-01
   2.0000000e+00   8.2675367e-02  -2.0049365e-01   5.2337680e-01   4.0550193e-01   7.1765936e-01  -1.3078463e-01  -2.1330008e+00  -5.3238517e-01  -2.1829385e-01  -1.8096993e+00
   2.0000000e+00  -3.3136848e-01  -1.8179718e-01  -1.3554072e+00   1.6521034e+00  -1.5027930e+00   5.6105038e-01  -8.0629951e-01  -1.9807979e-01  -1.0144125e+00   1.9446836e-01
   1.0000000e+00   8.0259323e-01  -2.7698353e-02   1.7339502e+00   2.3672570e-01  -1.5340882e-01   1.5026105e+00   2.7284341e-01  -1.8467543e+00  -2.7893731e-01  -6.6274035e-01
   2.0000000e+00   3.9315453e-01   5.7037523e-01  -4.9378716e-01   9.5503840e-01  -3.3852549e-01  -9.2454293e-01  -1.3790122e+00   3.4500558e-02   1.3087413e+00   1.2660904e+00
   2.0000000e+00   9.2332498e-01  -1.3573827e+00  -1.0012569e+00  -3.5367878e-01  -8.4892501e-01  -4.7145918e-01  -1.3742306e-01   3.8466975e-01   1.0243955e+00  -1.5388388e+00
   2.0000000e+00  -7.1133746e-01  -6.2840358e-01   2.2082718e+00  -1.5670379e+00   8.7585010e-01  -1.1857653e+00  -2.1294596e-01  -3.0296827e-01  -1.7960880e-01   6.7056435e-02
   1.0000000e+00   2.6298558e-01   6.3665155e-04  -4.1207789e-01   9.2612095e-01  -1.2094619e+00   1.1112085e+00   7.4721508e-01   8.2387884e-01  -3.7767311e-01  -5.3160527e-01
   2.0000000e+00  -8.5326455e-01   1.8168356e+00   1.1833393e+00  -9.7508500e-01   2.4692899e-01   8.6188105e-01  -2.4854329e+00   6.4587275e-02   2.6182881e+00   1.7211118e+00
   1.0000000e+00   2.2668334e-01   3.4597943e-01   3.7321560e-01  -3.5400718e-01   4.2494765e-01  -1.3491993e+00   4.0608627e-01  -1.8109011e-01   2.8023623e-01   9.1726238e-02
   2.0000000e+00  -1.1429435e+00  -4.5503708e-01   2.1681182e-01   1.8368193e+00  -7.2878122e-01   3.1793953e-01  -1.1001814e+00   9.1211831e-01   1.0304511e+00  -9.6711622e-02
   2.0000000e+00   3.9556199e-01   2.3451996e-01   1.4092633e+00  -4.1628642e-02   8.5371496e-02   1.2511035e+00  -9.2952842e-02  -3.0505805e-01  -1.5341930e+00  -1.2074112e-01
   2.0000000e+00   2.4639169e+00   9.5166941e-01   1.6970303e+00  -1.2438633e+00   1.8982577e+00  -1.1102567e+00   4.8835699e-03   9.7423043e-01  -2.2937276e-01   4.0039119e-01
   1.0000000e+00  -5.1881334e-01   7.5078798e-01  -1.6764311e-01  -5.2212578e-01  -1.4973375e+00  -7.6077119e-01   3.7869976e-01   5.0310004e-01   4.0417212e-01   1.5117807e-01
   2.0000000e+00  -6.9284674e-01   2.1112044e+00  -1.8276173e+00  -1.8827471e+00   1.5794872e+00  -2.5421814e+00   1.0368331e+00  -5.9767625e-01   5.3686332e-01  -7.0014852e-01
   2.0000000e+00  -7.5104445e-01   1.1484964e+00  -9.9880210e-01  -1.0500319e+00  -9.2407760e-01   4.5662039e-01   6.3194957e-01   1.3781047e+00   3.5953773e-01  -7.3096846e-01
   1.0000000e+00  -4.5146108e-01  -1.2392531e-01   7.7795674e-01   9.2329401e-01   2.1311977e-01   2.2785005e-01   6.2635178e-01   1.0172167e+00   3.2623730e-03  -8.0653021e-02
   2.0000000e+00   2.5057883e-01  -1.0925446e+00   1.4608026e+00  -7.7192228e-01   3.7986982e-01   1.1111904e+00   1.5848921e+00   2.8747857e-01   2.4901649e-01  -4.5320635e-02
   2.0000000e+00   1.0248115e+00   2.8535765e-01   7.1191444e-01   1.4289100e-01   3.2830503e-01   2.0577243e+00   8.4585870e-01  -1.0039357e+00   1.1964287e+00   9.0532834e-01
   2.0000000e+00  -4.8077757e-01  -7.4562475e-01  -1.2906215e+00   4.9491546e-01  -2.3764436e+00   1.6023071e+00  -7.8921668e-01   1.9739890e-01  -8.3859039e-01   1.1080201e+00
   2.0000000e+00  -1.7015297e-01  -1.2024645e+00  -8.7905957e-01  -8.1590467e-01   7.5197037e-01  -3.7749720e-01  -4.1409501e-01   8.4787179e-01   7.3260832e-01   1.8132979e-01
   2.0000000e+00  -6.4038067e-01  -6.4081241e-01  -2.9947501e-01   1.4533894e-01   7.2425675e-01   7.1203523e-01   2.6082072e+00   1.0473293e+00  -1.7600668e-01  -8.3534690e-01
   2.0000000e+00   1.7434123e+00  -1.1759041e+00  -6.9281944e-01  -3.3296228e-01  -9.1793486e-01  -1.5443420e+00  -4.7835901e-01  -1.0735243e+00   7.2694003e-01  -7.5930220e-01
   2.0000000e+00  -4.6035499e-01   3.3646351e-01   2.1554928e-01  -2.3941778e-01  -9.6930641e-01  -1.5571069e+00   8.8277735e-01  -7.1833338e-01   1.2188519e-01   5.2545285e-01
   2.0000000e+00  -2.3491595e+00  -1.3571918e+00   8.6446191e-01  -1.5474036e+00   1.5576824e+00  -5.9905389e-01  -2.4935488e-01   9.8577413e-01  -3.7607480e-01  -7.0350160e-01
   2.0000000e+00   1.1740811e+00   1.5245076e+00  -5.6254992e-01  -1.0560170e+00  -9.0229296e-01   7.5894043e-01   1.1123942e+00  -1.5686344e+00  -9.2395016e-01   4.9066466e-01
   2.0000000e+00   6.9368921e-01   7.5591621e-01   9.6493128e-02   4.6435040e-01   3.3186326e-01   6.0797611e-02  -1.0657852e+00  -9.0984174e-02   2.8836187e-01  -3.4375324e-01
   2.0000000e+00  -8.5910613e-01   5.5891288e-01  -2.0692829e-01   2.1941119e-01   6.7303358e-02  -3.1452770e-01  -7.1438718e-01  -1.0309567e+00  -9.9874612e-02  -2.8148643e-01
   2.0000000e+00  -1.2991823e+00   7.6703943e-01  -1.3061636e+00  -7.9651634e-01   1.5295735e+00  -1.9527697e+00   1.2816683e+00   3.1469597e-01  -9.7675862e-01   1.2631157e-01
   2.0000000e+00   3.2446230e-01  -2.7233815e+00  -1.6773216e+00  -1.4086072e+00   1.4218873e+00  -6.5890609e-01  -2.9958149e-01   1.1042062e-01   5.8269004e-01   2.0196894e-02
   2.0000000e+00  -6.6456444e-01  -1.2684303e+00   4.5884155e-01   1.1047708e+00  -4.7830339e-01  -1.9698959e-01   8.2262782e-01  -1.5221395e+00  -1.7225346e+00  -2.6261484e-01
   2.0000000e+00  -7.2597023e-01   1.0813509e+00   5.3105985e-01   8.9750979e-01  -6.1510010e-01   2.0461055e+00  -2.4192027e-01  -8.1626890e-01  -4.9254049e-01  -1.0742785e-02
   2.0000000e+00   4.6300486e-01   9.1686051e-01  -1.1101958e+00   2.4161131e-01  -3.2185454e-01  -1.1881199e+00  -2.1988644e+00   2.0514379e+00  -1.0857357e+00  -1.8308190e+00
   2.0000000e+00  -6.0162404e-02  -2.0157672e-01  -1.3839469e-01   8.1258961e-01  -1.9272101e+00  -6.9980447e-01  -7.6740857e-01   6.6008930e-01   1.4406293e-01  -3.3382072e-01
   2.0000000e+00   7.5424709e-01  -1.0482902e+00  -4.8331259e-01   7.8955324e-01  -9.4627180e-01   1.0760383e+00   2.0833707e+00  -1.5669378e+00   3.6339493e-01   2.8659955e-01
   2.0000000e+00   4.4583274e-01  -9.5765280e-01   7.0591754e-01  -1.3467576e+00   7.9445134e-01  -2.4887752e+00  -4.0135864e-01   2.0873987e+00  -4.9368725e-01  -1.5645766e+00
   1.0000000e+00  -4.4253386e-01   6.2272358e-01   2.7236387e-01  -2.9076201e-01   2.9100361e-01  -1.2134022e+00   8.2298858e-02  -1.0261510e-01   3.8472715e-01   2.7428436e-01
   2.0000000e+00   2.5838633e-01  -1.4609267e+00  -4.6853396e-01  -1.2905214e+00   5.6265760e-01  -4.9866294e-01  -4.5858783e-02   5.4156906e-02  -3.6513548e-01  -3.3763411e-01
   2.0000000e+00   5.6178957e-02  -6.9848859e-01   9.4947709e-01  -1.5540885e+00  -6.6253343e-01  -4.5115209e-01  -1.0287403e-01   2.8936481e-01   9.1881923e-01  -2.1597094e-01
   2.0000000e+00   1.8106982e-01  -3.8243408e-01  -4.6297831e-01  -9.6788758e-01  -1.6697852e-01   1.4206200e+00  -3.7356183e-02   9.8854031e-01  -8.4581723e-01  -7.1783588e-01
   2.0000000e+00  -1.0700986e-01  -1.7747829e+00   6.7851089e-01  -1.1071861e+00   6.4112147e-01   2.0156427e-01   1.1718518e+00  -9.2893388e-02   8.2393690e-01   4.9785424e-01
   2.0000000e+00  -8.8407996e-01   1.8996550e+00  -4.3399839e-01   1.2600714e+00   3.1131059e-01  -3.6019325e+00   1.5237212e+00  -2.1574488e-01   1.4110661e-01   1.0009674e+00
   2.0000000e+00  -1.6936400e+00  -9.5678259e-02   1.7596547e+00  -8.5291933e-01   5.2534160e-01   2.1022862e-01  -3.4237650e-01  -5.4571608e-01  -4.0516911e-01   6.8742666e-01
   2.0000000e+00  -1.0909872e+00  -6.8745585e-01   1.8213018e+00  -4.7440559e-01   8.3947401e-01   2.3454224e+00  -2.5763697e-01  -4.8821685e-01  -3.3489928e-01   4.2561227e-01
   2.0000000e+00  -9.8579363e-02  -2.0362680e+00   8.2395317e-01   6.8609553e-01   1.5647273e+00   9.7288686e-01  -7.9767586e-01  -1.2696805e+00   1.4415064e+00  -5.0268131e-01
   2.0000000e+00  -4.4802576e-01   8.8552500e-01   7.2895572e-02   9.8801522e-01  -1.0482328e-01   6.1415106e-01   1.2292047e+00  -5.5651715e-01   4.1895329e-01   3.4204012e-01
   2.0000000e+00  -4.8308239e-01   6.1126022e-01  -3.6536154e-01  -1.0899036e+00   1.0181125e-01   2.9842388e+00  -1.4090500e+00   1.2913813e+00  -6.9622581e-01   7.8411210e-01
   2.0000000e+00   1.0867400e+00   1.0107378e+00   8.0943047e-01   1.0050451e-01   3.5540720e-01   1.7959596e-01  -2.2015624e+00  -2.1968243e+00   1.3125022e-01   4.1766791e-01
   2.0000000e+00  -3.4490282e-01  -9.4316259e-01  -7.8431976e-02   2.2185607e-01  -1.2138861e+00  -7.6776816e-02  -1.4242786e-01  -8.9469648e-01   1.0769086e+00   4.9795533e-01
   1.0000000e+00  -1.5771523e-01  -9.4889185e-01  -1.0757042e+00   1.5054618e+00  -7.6865348e-01  -1.4499303e+00   2.6945979e-01   2.4460211e-01  -8.7205134e-01  -3.3437649e-01
   2.0000000e+00   2.9710630e-02   9.2669089e-02  -1.8882509e+00   4.2314522e-01   1.3635561e+00  -1.0867784e+00  -4.7204964e-01   9.5499862e-02  -1.4409769e+00   4.4672830e-02
   1.0000000e+00  -1.4740586e-01   9.6751778e-01  -1.8112907e-01   9.3470301e-01  -3.0242292e-01  -2.4358424e-01   1.4706071e-01  -2.0888949e-01  -8.1983821e-01  -3.1125279e-01
   1.0000000e+00   6.5811903e-01  -3.3396612e-01   1.9875557e-01   1.9718393e+00  -1.3335278e+00   8.5538128e-01   2.4211876e-01   2.7931065e-02  -1.6587746e+00  -1.3284423e-01
   2.0000000e+00  -9.2018513e-01   1.3952651e+00  -3.5582231e-02  -8.1062283e-02  -1.9655033e-01  -1.9206359e-02   1.2124417e+00  -8.1604291e-01   5.4229089e-01  -1.9384498e-01
   2.0000000e+00  -2.4196289e-01  -1.2579758e+00   7.9084729e-01   1.7615099e-01  -5.4778869e-01  -9.4200315e-01  -2.4472957e-01  -1.3472941e+00   4.7105499e-01   4.4466021e-01
   1.0000000e+00  -6.8353412e-01  -2.3332602e-01  -1.2041517e+00   1.1618534e-01  -7.8466959e-01  -2.0585639e-01   4.8858047e-01  -1.3919869e+00  -4.3642524e-01  -4.9392557e-01
   2.0000000e+00   4.7990245e-01  -1.0662992e-01   1.4053383e-01   8.9491704e-01   3.8636182e-01   5.4211431e-01  -8.7272938e-02   7.9679111e-01  -5.0423019e-01   2.6230645e-01
   2.0000000e+00   3.9800614e-01  -1.2558443e+00  -6.6547727e-01   1.4301176e+00  -4.6746981e-02  -1.0428181e+00  -1.2318884e+00   7.4231011e-01   7.2462545e-01   4.4781985e-01
   2.0000000e+00  -3.7411576e-01   2.0233779e-01  -1.6097174e+00  -6.8211011e-01  -5.9502156e-01  -9.7169563e-02   9.5032854e-01   5.4596677e-01  -7.4121792e-02  -5.1552706e-01
   2.0000000e+00  -1.5603197e+00   1.9405868e+00   1.5885600e+00  -1.5704246e+00  -1.2541238e+00   7.6734226e-01  -8.3673486e-01   9.7418933e-01   1.8529062e+00  -7.0359385e-01
   2.0000000e+00   2.3680830e-01  -1.0135704e+00   1.4647519e+00   4.2592535e-01  -6.2454979e-01   6.0829032e-01  -2.5413358e-01  -1.4665672e-01   5.4003155e-01  -9.7042808e-01
   2.0000000e+00   4.3064495e-01   1.7066547e-01   8.4631165e-01   2.9313034e-01   1.7153693e+00  -8.1739807e-01   2.3749329e+00  -8.8247348e-01   1.3779156e+00  -6.8960002e-01
   1.0000000e+00   2.1729996e-03   4.1060812e-02   1.6892952e-01   1.7044687e-03   1.1848112e-01   7.7226091e-01   6.2239327e-01  -1.6594649e-01  -1.9194542e-01  -5.2061771e-01
   2.0000000e+00   1.1134264e+00   9.4920615e-02   6.1762884e-01   4.5226255e-01  -9.8319409e-02  -1.7724230e-01  -1.1610385e-01   8.3622711e-01   2.0685959e-01  -7.0858224e-01
   2.0000000e+00  -1.1815878e-01  -7.8606079e-02  -5.4294673e-01  -1.3743473e+00   2.2374813e+00  -1.7104927e+00  -4.9407488e-01  -1.6720587e-01  -9.9758230e-01   2.2553715e+00
   2.0000000e+00  -6.8378672e-01  -7.7280951e-01   4.7329051e-01   6.4565549e-01  -1.8602709e+00   2.9359588e+00  -1.1612194e-01  -1.4892306e-01  -9.0899168e-01   6.8636206e-01
   2.0000000e+00   5.2790445e-01   1.4925911e+00  -5.8681508e-01   2.2529977e-01   1.4625916e+00  -3.0445556e-01  -1.2652717e+00  -1.5768516e-01  -1.0227222e+00   2.6697346e-01
   2.0000000e+00   7.2889399e-01  -6.3477207e-01   6.5511816e-01  -1.5304854e-01  -7.9190386e-01  -1.0383379e+00  -7.4415881e-01   2.8586512e-02   8.3600759e-01   7.3601633e-01
   1.0000000e+00  -1.0258713e-01  -8.2561758e-01  -2.1476108e+00  -1.6222349e-02  -4.0615034e-01   1.7177297e+00   7.6879458e-01   3.2405737e-01  -7.5544819e-01   6.0301677e-01
   2.0000000e+00   1.2102405e+00   7.0614324e-01  -6.0865782e-01   5.1006544e-01  -2.5612779e+00  -6.2800126e-02   4.5269617e-01  -1.3880130e+00   1.1595240e+00  -3.4325003e-01
   2.0000000e+00   6.6116644e-01   3.4831249e-01   2.8184459e-01  -2.6393832e-01  -1.3396922e+00  -5.2777599e-01  -8.1805120e-01   2.0074840e+00  -1.2830737e+00   1.5121370e+00
   2.0000000e+00  -1.4576748e+00   8.7150215e-01   7.6845307e-01  -4.8389027e-01  -1.1764001e+00   2.5842221e-01   8.9976063e-01   5.3540518e-01   1.1172113e+00  -4.3345251e-01
   2.0000000e+00   4.8712834e-01   1.8142064e+00  -2.2400676e+00   9.7348546e-02  -9.0985218e-02   7.9013809e-01  -7.0850295e-01   1.4551188e+00  -4.9939392e-01   1.5283607e+00
   2.0000000e+00  -1.2521138e+00   2.3049480e-01  -1.0415283e+00  -8.3975848e-01   2.6958757e-01   4.8162619e-01  -8.6100611e-01  -2.6205786e-02   1.8646455e-01   1.2455152e+00
   2.0000000e+00   4.1481510e-01   1.5045208e+00  -1.6854649e+00  -1.1792647e+00  -7.5301156e-01   1.5139164e+00   9.8495987e-01   1.9718061e-01  -2.3026872e-01   1.0128996e+00
   2.0000000e+00  -1.6730974e-01   2.9616246e-01   4.2132079e-01   1.8734601e+00  -9.9085217e-01   2.7011633e+00   1.6472174e+00   5.9685884e-01   1.1804888e+00   3.3832680e-01
   2.0000000e+00   3.7164383e-01  -5.1334271e-02  -4.7818966e-01   6.8303200e-01  -1.0378783e-01   4.7916063e-01  -7.4787626e-01  -6.5192328e-01   7.4727024e-02   1.7091388e+00
   2.0000000e+00   1.5697149e+00   9.7669229e-01  -5.5812148e-01   4.2775610e-01  -2.4003854e+00  -1.3807110e+00   2.8385056e-01  -1.5703953e-01  -2.5293164e-01  -1.4853875e-01
   2.0000000e+00  -1.0798384e+00   4.5201398e-01   1.6300818e-01  -1.5761733e-01  -5.9155972e-01  -5.2730011e-02  -7.5088899e-01   1.2314899e+00  -2.8177755e-01   2.6577552e-02
   2.0000000e+00  -7.1325692e-01   2.9206462e-01   3.4496505e-01  -7.4403293e-01  -4.3709592e-01  -1.8401736e+00   1.0289878e+00   6.4269028e-01  -2.1702700e+00   1.2749531e+00
   2.0000000e+00  -1.0915179e+00  -4.2983816e-01  -2.3093454e+00   1.3144730e+00  -2.2049507e-01   1.1328706e+00  -1.6340753e+00  -1.0756577e+00  -6.6494044e-01  -9.2773785e-01
   2.0000000e+00   1.6630650e-01   3.8118547e-01  -9.1180502e-01   3.2337101e-01  -3.6261654e-01  -1.9967939e+00  -6.6122964e-01  -1.1837304e+00   9.3835969e-01  -6.7773333e-01
   2.0000000e+00   8.5008739e-01  -1.3203133e+00  -2.5695502e-01   1.7725408e+00  -2.0895591e+00   1.9145696e+00   1.5665185e+00   1.6072858e+00   1.0210490e+00   6.6622078e-01
   2.0000000e+00  -9.3128641e-01  -2.1774987e-01   2.3818985e+00   6.9021123e-01  -4.6832920e-01  -5.7882251e-01   1.1506335e+00   5.6624300e-01  -6.9489856e-01  -1.2098582e+00
   2.0000000e+00   8.0905918e-01  -1.3972446e+00   1.9627399e-01  -7.8689572e-01  -3.4245234e-01  -4.0337519e-01   1.7044630e+00  -1.1428078e+00  -2.8311740e-01  -2.1167774e+00
   2.0000000e+00  -2.1711162e-01  -4.7639811e-01   1.9456862e+00  -6.1993507e-01  -5.9788385e-01   2.1504133e+00  -1.2968996e+00   8.7415040e-01  -1.1071228e+00  -1.2908557e-01
   2.0000000e+00  -4.9158047e-01  -1.4226323e-01  -4.0697436e-01   6.0877713e-01   9.9169301e-01  -1.0959031e+00   1.5130660e+00   2.9027612e+00   1.2336539e+00  -8.9858718e-01
   2.0000000e+00  -2.6712468e+00  -2.6785674e-01   1.3101596e+00   3.1481894e-01  -3.8256178e-01  -1.2591221e+00   9.5479543e-01   7.7387626e-01   6.4837884e-01  -2.0458887e+00
   2.0000000e+00   5.0692147e-01   3.3533993e-01  -1.9208446e+00   9.7705281e-01  -3.9772588e-01  -3.4749235e-01   8.5055134e-01  -1.8062489e-01   1.4728365e-01   7.4917720e-01
   2.0000000e+00   1.0378470e+00   1.0754775e+00  -5.2557640e-01  -2.1733546e-01   2.0144807e+00   9.7814062e-01   1.7647116e+00  -6.2565040e-03  -7.7160066e-01   3.5856910e-01
   2.0000000e+00  -2.1699224e-01  -6.5649496e-01   2.0295747e+00   5.8536235e-01  -8.3153466e-01   3.3961366e-01  -1.3819664e+00   4.0560264e-01   4.5243442e-01   7.5878398e-02
   2.0000000e+00  -1.8180170e+00  -7.6162369e-01  -1.5786588e+00   3.5736885e-02   1.1690693e+00  -1.0779907e+00  -9.8563277e-01   6.7531709e-01  -1.0218738e+00  -1.6995490e+00
   2.0000000e+00   8.9750542e-01  -1.9702423e-01   1.1434199e-01   1.0832585e+00  -3.7558432e-01  -1.0958443e+00  -1.0472746e+00  -7.7186647e-01  -6.4656163e-01   1.0257627e-01
   1.0000000e+00  -5.6240442e-01  -7.1114680e-01  -3.9571138e-01  -1.3352811e-01   3.8511431e-02   9.8926644e-01   1.4300690e-01   3.1372459e-01  -1.6685194e+00   6.0206381e-01
   2.0000000e+00   1.1174101e+00  -1.8336778e-01  -8.4655024e-01   6.4732827e-02   9.1350315e-01   2.4754238e-01   7.3778348e-01  -5.8284679e-01  -6.5712932e-01   4.5212237e-01
   2.0000000e+00   1.1614650e+00  -4.7394645e-01   1.9948888e+00  -1.1712006e-01  -1.0097695e+00  -4.9767986e-01  -1.7103620e-01   5.5562744e-01  -2.9754587e-01  -1.1920372e+00
   2.0000000e+00  -4.0113219e-01   2.3490135e+00  -1.1028758e+00   1.7008690e+00  -1.1428549e+00  -1.0840303e+00   5.3499382e-01  -6.7215451e-01   4.1848189e-01  -1.9453470e+00
   2.0000000e+00   9.5255604e-01  -1.6024481e-01  -8.0835282e-01  -1.3815647e+00   1.1052837e+00   2.2883499e-01   1.9167094e+00   2.7185144e-01   3.7916128e-01   1.3366375e+00
   2.0000000e+00   1.6044641e+00  -2.3691744e-01   4.6548613e-01   8.8991882e-01   8.7433508e-01   4.2643509e-01  -4.6537532e-01   2.3653747e-01  -1.3377299e+00  -7.6044252e-01
   2.0000000e+00   5.5759319e-02  -3.5461567e-01   2.9712035e-02   3.5056776e-02  -5.1219955e-01   1.6913147e-01  -1.6155758e+00  -8.3385510e-01   1.8726985e-01   4.0027717e-01
   2.0000000e+00  -7.9468606e-01  -9.6815736e-01   2.0976268e+00   1.0405397e+00  -7.8333728e-01   6.6863110e-01   7.0021203e-01   4.5853801e-01   1.8695884e+00  -7.9509325e-01
   1.0000000e+00  -3.1448950e-01   2.7279626e-01  -1.1445838e-01   8.5475219e-01  -1.0829562e+00  -6.0984087e-04   1.9744280e-01  -9.6782397e-01   2.9548527e+00   5.3241350e-01
   1.0000000e+00  -5.1528994e-01   1.1298726e+00  -1.6232283e+00  -7.7785249e-01   1.3338204e+00   2.5581161e-01   2.0956461e-02   2.3541235e-01  -1.1538739e+00   4.0323281e-01
   2.0000000e+00  -1.3676595e+00  -3.2114162e-01   3.2105975e-01  -5.1994033e-01  -1.8700820e+00   7.2536560e-01  -3.6813824e-01  -1.0253751e+00  -2.4384673e-01   4.5075238e-01
   2.0000000e+00  -9.0815605e-01  -1.8073915e-01   4.6725669e-02   2.6981073e-01  -1.1144577e-01  -1.3545279e+00   2.4869816e-01  -1.8411989e-01   7.9806705e-01   2.5159675e+00
   2.0000000e+00  -1.3486787e+00   6.4825183e-01   3.8853004e-01  -1.4614621e+00  -1.2271520e+00   3.9483830e-01   4.8721649e-01  -1.0249717e+00  -5.3278329e-01   1.6971903e+00
   2.0000000e+00  -7.1503386e-01  -1.7178636e+00  -1.9976971e-01  -6.1359477e-01   1.3845346e+00  -1.2469308e+00   6.4834592e-01   2.4367869e-01  -1.3279734e+00   6.5668863e-01
   2.0000000e+00  -1.2260006e-01   1.5581749e+00   7.6922406e-01   1.2916407e+00  -4.2679349e-01  -1.0076959e+00   1.5094555e+00   6.5378962e-01  -1.5700267e+00   4.7962038e-01
   2.0000000e+00  -8.8417718e-01   8.2366007e-01   3.7969199e-01   2.0513693e-01  -1.5449771e-01   4.1712378e-01  -9.0365948e-01   2.9091820e-01  -6.8423394e-01  -2.1838234e-01
   2.0000000e+00   9.9384649e-01  -3.0651143e-01   1.0289618e+00  -9.9263806e-01   6.2924996e-01   6.0609957e-01  -1.0872767e-01   1.2615406e-01  -2.5887168e-01  -1.0974954e+00
   2.0000000e+00  -5.5013415e-01  -7.6635529e-01  -1.3095687e+00   5.6010043e-01  -4.8415191e-01  -8.2893692e-01   7.4951228e-01   5.9848009e-02   1.0444620e+00  -6.3171788e-01
   1.0000000e+00   6.0238282e-01  -8.4610749e-01  -1.2281641e-01   3.9081875e-01  -3.8572774e-01   1.3969886e+00   3.0185079e-02  -5.7152908e-01   7.0902249e-01   2.1369439e+00
   2.0000000e+00  -2.0867424e+00   1.4471394e-01  -7.7741114e-01  -1.2471558e-01  -2.2242811e+00  -2.1317078e+00  -1.1638503e+00  -2.2089816e+00   1.2751151e+00   2.5829113e+00
   2.0000000e+00   1.6806103e-01  -2.8109820e+00  -1.1590750e+00  -1.3742966e+00  -1.3249223e+00   7.2374960e-01   5.3213114e-01   1.2546756e+00   5.2078553e-01   3.6229993e-01
   2.0000000e+00   1.5607007e-02   2.3208133e+00   1.4708083e+00   1.0000218e+00   2.8216990e-01  -4.1797780e-02  -9.3877707e-01   1.3149060e+00   4.9310536e-01   5.9917121e-02
   2.0000000e+00   1.0463512e+00  -7.7945217e-01   5.5104520e-01   6.4903075e-01   4.7319743e-01   1.6390678e-01   6.3453523e-01  -2.4172427e-01   9.4194526e-01   1.3205817e-01
   2.0000000e+00  -1.5426303e+00   5.6369337e-01  -8.4512060e-01   2.0897194e-01   9.4740005e-01   1.0246145e+00   7.6359513e-01   1.6716447e+00  -2.5645476e-02   1.2647957e+00
   2.0000000e+00   1.2565782e+00   1.0045743e+00   8.7701564e-01   1.2172406e+00  -3.0050433e-01   3.2186692e-01   1.8612325e+00  -1.4175236e+00  -8.1729043e-01  -6.5727297e-01
   2.0000000e+00  -2.4814464e-01   5.4662907e-01  -2.7742659e-01  -3.1672270e-01   3.1232462e-01   2.8046717e-01  -9.3924486e-02  -1.3179827e-01   5.4898910e-01  -6.5696792e-02
   2.0000000e+00  -1.0295965e+00  -1.1303171e+00   1.5467674e+00   3.6916098e-01   1.1102232e-02  -1.7066371e-01   1.5159708e+00  -9.7428912e-02   4.9780283e-01  -4.5470592e-01
   2.0000000e+00  -7.8753646e-01  -2.5344478e-01   3.1884398e-01   1.3290385e-01   7.3642110e-01  -5.4769450e-01  -3.8215414e-01  -5.2350192e-01   5.4289407e-01   4.7309165e-01
   2.0000000e+00   7.0815997e-01   6.9271859e-01  -8.2844097e-01   4.0123560e-01   4.2693340e-01   7.3553669e-01   9.7719189e-01   2.6655990e-01  -1.8732169e+00  -5.3872400e-01
   2.0000000e+00  -1.7114015e-01   7.4681706e-01   1.0915139e+00   1.5611462e+00   9.5728138e-01  -6.7162979e-01   1.0927979e+00  -4.9065289e-02   2.8223124e-01  -6.4814686e-01
   2.0000000e+00   3.4463500e-01  -8.5667949e-02   1.2374808e+00  -1.1804111e+00   7.1566607e-01   7.4743407e-01  -2.0098703e-01  -4.3620935e-01   1.5343699e+00  -1.7987472e+00
   2.0000000e+00   1.3674444e+00  -3.7242876e-01   2.5290997e-02  -1.7179070e+00   3.9556226e-01   1.5150292e+00  -4.9445269e-01  -1.3140855e+00  -9.7744859e-02   2.7420331e-01
   2.0000000e+00  -9.4457564e-01   5.4693613e-01   4.3596618e-02   9.6075451e-01  -1.2366109e+00  -2.4463618e-01   1.1028648e+00   1.3245013e+00   7.1887963e-01  -8.9183458e-01
   2.0000000e+00  -1.7244714e-01   3.3745798e-01   1.8578805e+00  -3.9312720e-02   7.3567137e-01  -1.3653299e+00   1.4932537e+00  -1.2931196e+00   1.7091883e-01   5.3158772e-01
   2.0000000e+00   6.5282785e-01  -9.8578443e-02  -1.7888818e+00  -2.6977942e+00  -1.2686389e+00  -1.2939283e-01  -2.2867592e+00   1.6793145e+00   2.7235507e-01   7.6334024e-01
   2.0000000e+00   1.3995696e+00  -5.5485009e-01  -7.7843219e-01  -1.7642228e+00  -2.5387543e-01  -2.5028325e-01   4.6867538e-01  -8.4021710e-01  -1.2746949e+00  -2.4621962e-01
   2.0000000e+00  -1.9058972e-01  -2.7046129e-01  -1.0852277e+00   5.1554413e-01   3.0766562e+00   3.9465636e-02  -1.8143197e+00  -1.8031280e+00  -1.2725754e-01  -1.2329254e+00
   1.0000000e+00   3.3776277e-01  -1.0123470e-01   2.4113420e+00   7.2830029e-01   4.1286922e-01  -7.6521908e-01   1.0989657e-01  -2.7357503e+00  -1.1597556e+00   1.1299832e+00
   2.0000000e+00  -8.0042771e-02   4.2800995e-01   7.5613345e-01  -1.2394953e+00   2.1741275e-01   1.0254074e+00  -1.7488309e-01   1.3567111e+00  -2.7183055e+00   1.5178685e+00
   2.0000000e+00  -1.2470552e+00  -2.0568347e+00   8.3833279e-01  -2.6691574e+00  -4.7600539e-01  -1.3097526e+00  -8.0542073e-01   3.9454059e-01  -5.5004687e-02  -4.6689775e-01
   2.0000000e+00   6.9783743e-01  -3.0301654e-01   1.5466604e-01   7.9750221e-01   4.3575197e-01  -1.7092281e+00  -5.1641703e-03   3.8437723e-01   3.0592147e-01   4.0198102e-01
   2.0000000e+00   1.2954403e+00  -9.5489079e-02  -1.7667331e+00  -6.4897415e-01   3.6488865e-01   1.0049798e+00   2.4240072e+00   9.1357189e-01  -8.6773231e-02  -9.3369964e-01
   2.0000000e+00   1.4883886e+00   1.3826688e-02   3.2218370e-01  -9.2963266e-01   2.0499006e-01   1.8901062e+00  -2.8088099e-02  -1.2864901e+00  -6.7528907e-01   3.8704402e-01
   2.0000000e+00   2.2101725e-01   7.0895239e-01  -1.0612244e-01   1.8808543e+00  -1.1118546e+00  -3.7659760e-01  -6.8005900e-01  -1.5773309e+00  -1.3931645e-01  -1.2342188e+00
   2.0000000e+00   8.2672074e-01  -1.1025777e+00  -9.1640839e-02   1.8816091e+00  -1.0014539e-01  -7.7462297e-01  -2.4522752e-01  -1.4425446e+00  -2.6176003e+00  -3.5048550e-03
   2.0000000e+00   8.4663140e-01   1.0999885e-01   2.2255379e-01  -1.9133649e+00   1.1966913e+00  -1.8092305e+00   5.2265781e-01  -4.9280974e-01   2.1967905e+00  -1.9353755e+00
   2.0000000e+00  -2.0868760e-01   6.5545121e-01  -1.9211569e-01   5.1176922e-01  -1.1693734e+00  -5.0854839e-01  -7.5921815e-01   6.0831956e-01  -1.6076862e-01  -2.4609496e+00
   2.0000000e+00   5.4018431e-01  -6.0445224e-01   2.9747259e-01  -1.6970416e+00   2.9086508e-01   5.0793799e-01  -1.7017476e+00  -6.6233538e-01  -2.8438147e+00  -3.2942716e-01
   2.0000000e+00   1.3606651e+00  -5.6310622e-01  -1.4982725e+00  -2.1618135e+00  -2.1910249e-02   1.0938476e+00   8.9765595e-01  -1.3621781e-01  -1.9887884e-01   1.2622158e+00
   2.0000000e+00  -7.2880448e-01   2.5042666e-01  -5.9981488e-01   7.8061198e-01  -5.0406473e-01  -1.4133964e+00  -4.6166876e-01   2.8651354e-01   1.0118543e+00   1.5619067e+00
   2.0000000e+00   8.2197449e-01  -5.6817400e-01  -1.6963101e-01   7.1374485e-02  -1.8737869e+00   7.2801206e-01  -1.6266224e+00   7.9777622e-01  -3.0630691e-01  -1.0534430e+00
   1.0000000e+00  -1.3625974e-01   5.7270492e-01   6.8354857e-01   1.7105360e+00  -8.2773478e-01  -7.7848694e-01   4.5970776e-01   2.7634788e+00  -4.9849748e-01   1.9554503e+00
   1.0000000e+00  -7.3279605e-02  -4.1066768e-01   4.6929494e-01   8.1211907e-01   5.8681965e-01  -4.5354138e-01   8.1236839e-01  -8.0842781e-01  -8.8726745e-01  -4.7254435e-02
   2.0000000e+00   1.0668966e+00  -2.3118762e-01  -1.1332640e-01  -7.3912214e-01   3.2247706e-01  -7.7691784e-01  -2.2813848e-01   1.2218992e+00   3.0179248e-01  -8.7524954e-01
   2.0000000e+00  -8.3361625e-01  -1.5599856e-01  -1.2634365e-01  -1.3546696e-01  -1.0136652e+00   2.1274024e+00  -1.4573138e+00   5.0518342e-01  -4.7434169e-01   2.7453767e-01
   2.0000000e+00   9.3160124e-01   2.8586408e-01   5.2104797e-01   4.2685422e-01   2.1052826e+00  -1.4051939e+00  -8.7145312e-01   1.3526140e+00   4.8447151e-01   1.2971670e+00
   2.0000000e+00   1.4357250e+00   2.3907011e-01  -5.7647217e-01   1.7697929e-01   7.6348688e-01  -1.4470362e+00   3.1021884e-01  -1.2204729e+00   2.4949101e+00  -2.2831637e+00
   2.0000000e+00   8.6306068e-01  -1.1096288e-01   7.4304400e-01   4.5602006e-01  -1.6968122e+00  -6.1116487e-01  -2.9965374e-01   7.1971721e-01  -1.1727305e+00  -1.9240625e-01
   2.0000000e+00  -1.0283394e+00   6.0748676e-01   5.7205526e-01   6.5142402e-01  -3.2087837e-01   8.2919799e-01  -8.1220922e-01  -1.8513825e+00  -1.3767957e-01  -2.8626180e+00
   2.0000000e+00  -7.0313589e-01  -3.0083063e-01  -9.4889723e-02   1.0323677e+00  -9.3152622e-01  -1.1065551e+00   9.7768319e-01   1.2211644e+00  -1.5149331e+00  -1.0959974e+00
   2.0000000e+00   7.1186865e-01  -5.8578632e-01   4.0892912e-01   1.5601808e+00  -9.3770491e-01   4.3899493e-01  -7.0953224e-01   1.6537027e+00   1.9543993e-02   6.7258879e-01
   2.0000000e+00   4.1722946e-01  -3.4126729e-01   7.6669031e-01   2.7847994e-01  -4.0266582e-01   8.4456772e-01  -2.3253475e-01  -1.4282595e-01  -1.5875338e+00   4.8959882e-01
   2.0000000e+00  -3.9338222e-01  -8.7504522e-01   2.1785058e+00  -6.4243202e-01  -5.0566019e-01  -3.6535571e-01  -7.7930086e-02  -1.1877473e-01   9.1974741e-01  -1.9474215e+00
   2.0000000e+00   6.5135496e-01  -6.3591557e-01  -1.3069180e+00   7.0481144e-02  -2.3319017e-02   2.7051623e+00   1.9203084e+00  -3.7301856e-01   3.7610328e-01   4.6582211e-01
   2.0000000e+00   1.2783046e+00   5.9302294e-01   6.1123841e-01   1.3368374e-01   1.1706148e+00   4.4183189e-02  -8.0140484e-01   2.5676313e+00  -2.3985522e-02   8.1122052e-01
   2.0000000e+00   1.2064590e+00  -1.5832742e+00   1.3378514e+00   7.4905829e-01   4.5910368e-02   4.7458088e-02   8.9577711e-01  -1.0911252e+00   3.3918848e-01   1.4202562e+00
   2.0000000e+00   1.5228765e+00   1.4330609e-02   2.2281029e+00  -7.9475031e-01   8.7501979e-01   5.5839424e-02   8.9805714e-01  -2.1815232e+00  -9.0007897e-01  -1.0819144e+00
   2.0000000e+00  -1.8435060e+00  -7.8153069e-01   3.2704426e-01   1.0156076e+00  -1.4340781e+00   9.3685055e-02   1.5721845e+00  -6.4243349e-01   2.0659238e+00   7.0854729e-01
   2.0000000e+00  -9.1741240e-01   1.4709516e+00  -1.7000884e+00   1.7789723e+00   1.0970479e-01  -8.1014820e-02   2.1592845e-01   4.8509551e-02   4.9179786e-01  -7.9117068e-02
   2.0000000e+00   1.7789240e+00  -1.1782528e+00   8.9158878e-01  -3.2131803e-01  -1.3637707e+00   7.9033689e-01  -3.0551361e-01   8.4024763e-01   6.7556174e-01  -1.0394918e-01
   2.0000000e+00   7.7985233e-01  -6.9987437e-01  -1.1917830e+00  -7.0545911e-01   1.6969131e+00  -1.1706165e+00  -1.1028207e+00  -1.3921377e+00  -7.5546484e-01   4.2810662e-02
   2.0000000e+00  -4.8827037e-01  -1.7692523e+00  -1.3153548e+00   5.8377132e-01   4.7216570e-01   1.0974021e+00  -1.1155558e+00   1.7239482e+00  -1.2251088e+00  -6.4529344e-01
   2.0000000e+00   1.0111520e+00   1.9614520e-01   2.5567692e-03  -4.5346060e-01  -5.8943861e-01  -5.2612001e-01   3.5668017e-01   1.4275042e-02   1.8329186e+00   1.3587139e+00
   1.0000000e+00   3.2276700e-01  -1.5249148e+00   8.9401736e-01  -4.4851017e-01   2.0776585e+00   1.2504463e+00   6.1706309e-01   2.9356556e-01  -2.7419161e-01  -4.9825753e-01
   2.0000000e+00  -1.3719965e+00  -1.2802328e+00  -1.3865335e+00  -1.8040216e+00   3.5307694e+00   6.1129887e-01   1.4286546e+00  -2.1110401e+00  -1.9267403e+00  -9.8630668e-02
   1.0000000e+00   2.4333741e-01  -7.3499963e-01   1.4079398e+00   3.5471659e-01   1.2729771e-01   8.0048236e-02   5.3460561e-01  -3.6678915e-01   1.9646475e+00   1.2487148e+00
   2.0000000e+00   2.5908215e-02   1.1549674e+00   1.3822013e-01  -4.7173684e-01  -1.6207698e-01  -4.8075761e-01  -1.3613233e+00  -6.6346746e-01   4.2294199e-02   5.1132480e-01
   2.0000000e+00  -1.7945847e-01   2.3007992e-02  -4.4579328e-01  -7.8283510e-01  -1.0024639e+00  -6.1616398e-01  -8.8580928e-01  -1.2842059e+00   1.9198306e+00  -6.0450830e-01
   2.0000000e+00   3.4641875e-01   9.4049122e-01   5.7825029e-01  -4.9568448e-01  -1.1692067e+00   6.4835389e-01   9.2131661e-01  -1.8781678e-01  -6.0456638e-01  -4.7925623e-01
   2.0000000e+00   3.5482271e-01  -1.5742743e-01   6.2241833e-01   1.6385279e-01  -8.0111081e-01  -7.2422822e-01  -6.2712679e-01  -8.6287380e-01  -1.8503885e+00   1.8124877e+00
   1.0000000e+00  -1.8300466e-01  -9.6562773e-01   8.4698059e-01  -2.7855076e-01   1.0789649e+00  -7.8994857e-01   4.9159413e-01  -8.7884251e-01  -5.3071056e-01  -1.2674356e+00
   2.0000000e+00  -1.9680661e+00  -1.3230608e+00  -2.8231521e-01  -1.0917732e+00   4.6156341e-01   2.8166450e-01  -6.7893460e-01   1.1610055e+00   4.2135157e-01   1.1035429e+00
   2.0000000e+00   1.0467632e+00   1.3871196e-01   3.2006897e-01   5.0528586e-01   1.0782154e+00  -5.3555158e-01   1.0410205e+00  -1.5673432e-01  -6.3240878e-01  -7.0717372e-01
   2.0000000e+00  -4.9726721e-01  -1.0246105e+00  -2.0964357e+00   1.9579227e+00  -6.8768183e-01  -2.0137247e+00  -5.4941605e-01  -2.3466356e-01   2.4063008e-01  -3.7239636e-02
   2.0000000e+00  -1.0998727e-03  -1.0118219e+00   7.2151597e-02  -6.8044034e-01   6.7748406e-01  -2.6007058e-01  -7.8447060e-02   2.0944162e+00   2.9582408e-01   3.5271043e-01
   2.0000000e+00   2.4198390e+00   7.9710937e-01   9.3785584e-01  -6.7296880e-01   3.4910232e-01  -7.6143518e-01   6.7748792e-01   8.0494534e-01   1.3950700e+00   3.3982632e+00
   2.0000000e+00  -6.3635286e-01   5.9531284e-01  -1.3104894e+00   6.0198133e-01  -1.2007333e-01  -1.4433839e+00  -2.4470522e-01  -1.1057290e+00   5.4661482e-01  -2.3037863e-02
   2.0000000e+00   5.1374158e-01   8.3713019e-01   1.0355636e+00  -6.0156448e-01   1.0608236e+00   1.3326926e+00  -1.1804650e+00  -3.5650729e-01  -1.4504856e+00  -1.2793502e-01
   2.0000000e+00  -1.1391358e+00  -4.2067891e-01   2.3637724e+00  -6.4500954e-01  -4.4167529e-01  -1.2970355e-01   1.9948048e+00  -5.7773561e-01  -9.0998384e-01  -9.8774785e-01
   1.0000000e+00  -3.7249108e-01  -8.8733297e-01  -3.3662336e-01   7.5609524e-01   3.5378842e-01  -1.0826399e+00   4.9518747e-01  -1.0388122e+00  -1.7231539e+00   1.1222526e+00
   2.0000000e+00   2.9845962e-01  -5.1826026e-01  -2.2301928e+00  -3.0429175e-01  -8.2406564e-01   5.5533481e-01   1.2348548e+00  -7.1706089e-01  -3.8577535e-01   1.9015060e+00
   2.0000000e+00  -1.3148707e+00   2.1776513e+00  -6.9137423e-01  -6.8038189e-01   3.0565930e-01  -2.0617524e+00  -8.8564637e-01   5.5932171e-01   4.3601413e-01   1.2911181e+00
   2.0000000e+00   6.7438705e-01   1.1693793e+00   1.6698445e+00  -2.0226504e+00  -3.3145922e-01   1.3211944e+00   6.2887225e-01   6.4458538e-02  -7.7230672e-02  -1.2746638e-01
   2.0000000e+00   1.9262972e+00  -1.0250677e+00   8.1089266e-01  -1.7933523e+00   5.8296407e-01  -1.3291421e+00   3.2010671e-01   3.1132482e-01  -9.6664521e-02   2.7261142e-01
   2.0000000e+00   2.1582082e+00   8.4244193e-01  -7.3173297e-02   9.6951187e-01   1.0887376e+00  -2.4631793e-01   1.4147701e+00   5.3746036e-01  -2.9598507e-01  -1.3166914e-01
   2.0000000e+00   8.6306457e-01   1.3347645e+00   2.0833188e-01  -3.8495823e-01  -2.0763438e-01  -3.7633852e-01  -5.7376136e-01   7.9951486e-01   2.9043022e-01  -1.6760217e-01
   2.0000000e+00  -7.7513421e-01  -1.4711088e+00   1.0115707e+00   2.3385434e-01   9.9280737e-01   1.1969204e+00  -6.4680812e-01   1.5200612e-01  -9.8671870e-01  -3.2033144e-01
   1.0000000e+00   3.5825091e-01  -6.1725743e-01   1.0845441e+00   8.6529564e-02  -8.1798389e-01   7.1310256e-01   5.0146907e-01  -1.7706054e-01   1.2487390e+00  -7.6574474e-01
   2.0000000e+00   4.3069695e-01  -4.3654656e-01   6.1225375e-01  -5.9507184e-01   1.2668569e+00  -4.4545556e-01  -3.5040385e-01  -1.9108952e-01  -9.4321154e-01   2.2372390e-01
   2.0000000e+00   2.8132428e-01   7.1208944e-01   9.3910204e-01   3.8318709e-01   1.2901576e+00   9.8137618e-01  -8.7123031e-01   9.7348072e-01  -1.1469056e+00  -1.8504602e+00
   2.0000000e+00   6.2720840e-01   5.0696598e-01   1.0992106e+00   1.0703657e+00  -8.8654037e-01  -6.0731447e-01  -1.7123204e-01   1.9044819e+00   2.0177432e-01  -1.2372219e-01
   2.0000000e+00   4.3172546e-01   2.1052712e+00   6.9570644e-01  -4.1306447e-01   2.0536963e-01   5.8747136e-01  -4.6772746e-01   1.7274957e+00  -1.0993925e+00  -7.5987310e-02
   2.0000000e+00   6.5768913e-01   9.7603753e-01  -2.2808334e+00  -9.1556472e-01   4.5405176e-01   8.6846612e-01  -3.2203073e-01  -1.1654181e+00   4.9114739e-01   5.1956505e-01
   2.0000000e+00   8.3158991e-01  -7.7250758e-01  -9.5515707e-01  -3.1090839e-02   6.7027066e-01  -1.1687601e+00   1.1598561e+00  -6.0559904e-01  -8.9642605e-01  -3.3805795e-01
   1.0000000e+00   5.4146392e-01   2.1246355e-01   1.1360989e+00   1.3485518e+00  -5.6984873e-01   1.4091600e+00   4.0079385e-01   6.3134628e-01  -1.3841964e+00  -7.1218319e-01
   2.0000000e+00   5.8039456e-02  -1.8438030e+00  -7.3682831e-01  -8.7294661e-01   1.4605608e+00   6.3259730e-01   1.8602116e+00   1.0846162e+00  -4.2092718e-01   1.0689996e+00
   1.0000000e+00  -5.2868647e-01   1.6640434e+00   7.6337974e-01   5.7861567e-01   3.7981849e-01   8.1255150e-01   4.0532701e-01  -1.9436388e+00  -5.3042743e-01  -5.5308062e-01
   2.0000000e+00   4.2355546e-01   1.3570512e+00  -2.1436193e+00   1.4935201e+00   1.0409528e+00   1.1029978e+00  -1.6923156e+00  -4.1693414e-01  -8.8167131e-01   5.9342239e-01
   2.0000000e+00   5.0945291e-01  -3.8396714e-01   5.3790417e-01   1.2622141e+00  -1.7215304e-01   5.7127348e-01   1.8425218e+00  -1.3601520e-01   9.8812207e-01  -3.2568581e-01
   2.0000000e+00  -1.1922424e+00   7.2772512e-01  -1.2573530e+00  -6.4794361e-01   1.6961009e+00   2.4151843e+00   2.7031473e-01  -4.4197456e-03  -4.0188228e-01  -1.0310290e+00
   2.0000000e+00  -1.3047584e+00  -1.2398165e+00  -1.7149949e+00   8.7374177e-01   1.0605877e+00  -9.3229023e-01  -4.7764587e-01   1.4468229e+00  -8.2948981e-01  -4.8354184e-01
   1.0000000e+00   6.5264751e-01   1.8046322e-01  -7.8442040e-01   4.0273865e-02   1.8002677e+00   4.1401556e-01   1.3169878e-01   9.7594744e-01   7.2203000e-01  -7.3380602e-01
   2.0000000e+00  -1.2669291e-01  -2.2767852e+00   4.4688880e-01  -1.0777501e+00   1.4354566e+00  -1.3486337e+00   1.2888060e+00   9.2120344e-01   2.6707212e-01  -1.3647140e+00
   2.0000000e+00  -2.1306469e+00  -3.6049301e-01  -3.2618003e-01  -8.4856796e-01  -1.0661378e+00  -2.8678337e-01  -4.2695343e-01   3.7744502e-01   1.9820725e-01   1.0152511e+00
   2.0000000e+00   6.8810977e-01   1.4224067e+00   7.4346801e-01   3.4182266e-01  -8.5701763e-01   1.3973900e+00  -4.0642758e-01   1.6622290e-02  -4.2723634e-01  -1.2710625e+00
   2.0000000e+00   1.4848658e+00  -1.0770332e-01   3.1588821e-01  -2.1602177e-01  -5.3115157e-01  -3.9749826e-02   1.1149898e+00   7.5899519e-01  -7.3455089e-01   5.3221813e-01
   2.0000000e+00   1.5401644e+00  -1.0859045e+00  -2.3532195e+00  -5.6557473e-01  -1.2638157e+00  -9.8824254e-02  -5.8195155e-01   9.5440773e-01  -2.6969583e-01  -1.1603220e-02
   2.0000000e+00   9.6565310e-01  -6.4954829e-01  -1.4928355e-01  -9.7006948e-01  -6.8349890e-01   5.7561974e-01  -7.0820396e-01  -4.6234727e-01   4.4516823e-01   5.7310492e-02
   1.0000000e+00  -2.5737264e-01  -7.1987816e-01   4.2853852e-01   3.9088162e-01  -1.1503210e+00   1.7221638e-02   9.9422556e-02  -1.0338276e+00   2.5275427e-01   9.0433438e-01
   2.0000000e+00  -9.5343563e-01  -6.2428198e-01   1.9812136e+00  -2.6287471e-01  -8.0946835e-01  -1.9660051e-01  -2.2173748e-01  -1.1947814e+00   1.5083112e+00  -3.9997725e-01
   2.0000000e+00  -5.2843381e-01  -3.1459524e-01   1.5978773e+00  -1.7676898e-01  -3.4179547e-01  -9.4591409e-01   1.6767849e+00  -1.2117440e+00  -6.9269615e-01   1.6746036e+00
   1.0000000e+00  -5.3360684e-01  -4.8666694e-01  -1.3182908e+00  -6.7905139e-01  -7.0269921e-01  -1.5845815e+00   5.5963555e-01   5.5946024e-01   7.6023708e-02   9.0750924e-01
   2.0000000e+00  -1.4789038e+00   1.1894325e+00  -1.6312331e+00  -8.2810621e-01  -8.7273820e-01   4.3035596e-01  -2.6739807e-01   4.4585642e-02  -1.5912411e-01   7.3422519e-01
   2.0000000e+00  -1.5742960e+00   7.3138945e-01   4.4641914e-01   6.0305494e-02   4.5814842e-01   1.3509189e-01  -1.3001054e+00  -3.2668497e-01  -1.0544837e+00  -4.2920079e-01
   2.0000000e+00  -4.5602860e-01  -1.7428850e+00  -1.0915055e+00  -5.4929931e-01   4.4889519e-02   6.4250087e-01   1.2990290e+00  -7.2854658e-01  -4.6841764e-01  -3.7083448e-01
   2.0000000e+00  -9.1451201e-01  -3.2878164e-01   1.2865765e+00  -8.3990191e-01   8.1664412e-03  -6.1684566e-01  -4.5471827e-01  -1.1061314e+00  -3.3069850e-01   8.1572423e-01
   2.0000000e+00   5.9671429e-01  -4.2551561e-01   1.1126211e+00   2.4129716e+00  -3.1135843e-01   3.1319274e-02   2.0600242e+00   9.5009473e-01   8.0173972e-01   2.0890430e-01
   2.0000000e+00   1.8164178e+00   1.1366923e+00  -1.7078581e-01  -5.4555457e-02  -5.3959577e-01   4.0591230e-01   1.6605657e+00  -7.5730416e-01  -2.2297880e-01  -6.1727200e-01
   2.0000000e+00   1.5036821e+00   6.6571643e-01   3.4307716e-01  -2.3355378e-01   8.0264195e-01  -5.1942536e-01  -1.0330688e+00  -1.0737741e+00  -7.4264676e-01   3.1490201e-01
   2.0000000e+00  -8.9165824e-01   5.0210192e-01  -1.6090311e+00  -2.1868011e-01  -1.3310186e+00   1.0375249e+00  -6.1462296e-01   7.3711950e-01   3.4809480e-01  -1.4893607e+00
   2.0000000e+00   1.2731043e+00  -8.6633042e-01  -8.5788416e-01   4.6607606e-03  -1.6266597e+00  -1.5916106e-01   1.3492827e-01   2.3868109e-01  -8.4301833e-01  -3.7463190e-02
   2.0000000e+00  -1.8221946e+00   2.7942069e+00  -1.5127278e+00   3.2810143e-02  -2.0769775e-01   9.6586817e-01  -1.2977133e+00   6.4058191e-01  -7.5665838e-01   1.6356956e-01
   1.0000000e+00   4.2546414e-02   1.6121196e+00   2.2849423e-01  -3.3094957e-01   3.1889218e-01  -5.5100981e-01   8.9227567e-01  -6.5539735e-01  -1.5445258e+00  -7.2272915e-01
   2.0000000e+00  -1.8442792e+00  -1.8800307e+00  -1.0908009e+00   5.6538875e-02   1.4280153e+00   8.0194919e-01   7.0011762e-01   2.1380435e+00  -1.4679638e+00  -9.8405935e-02
   2.0000000e+00  -5.9872541e-01  -2.4448369e+00  -6.3138077e-01  -4.1563222e-01  -9.4140110e-01  -8.7384409e-01   1.3467359e+00  -2.5845662e-01   5.7760202e-01  -8.8059061e-02
   2.0000000e+00   9.3341048e-01  -1.5056898e+00  -5.8420622e-01   1.6043569e+00   2.8761815e-01   1.9735861e+00   3.5083069e-01   2.1444035e-01  -1.2085744e-01  -3.9145841e-01
   2.0000000e+00  -4.2532124e-01  -1.1754645e+00  -4.0898298e-01  -1.3543667e+00  -3.6529235e-01  -1.7949831e+00   8.1661079e-01   5.6230058e-01   2.9886989e-01  -2.7165164e-02
   2.0000000e+00  -5.0393550e-01   6.3441054e-03   1.2564459e-01   1.3975233e+00   1.6949117e+00   7.3325413e-01  -2.2492278e+00   9.6086424e-01   4.9879822e-01   1.5414552e+00
   2.0000000e+00  -6.1078463e-01   1.1497576e+00  -9.2144440e-01   5.9317594e-01  -2.6189598e-02   6.8489104e-02   2.0424158e+00  -1.2537690e+00   3.3005092e-01   5.4746520e-02
   1.0000000e+00  -1.0399207e-01  -1.5176154e-01  -2.3332439e-01   1.2074804e+00   8.4866194e-01  -1.4972641e+00   7.3159567e-01  -1.6590773e-01  -7.2368702e-01  -5.5760670e-01
   2.0000000e+00   4.4713564e-01  -2.7534172e-01  -2.6377660e-01   9.2205463e-01  -8.8345303e-01   8.0750078e-02  -2.2151002e+00   1.3168711e+00   1.1552553e+00  -3.9825338e-01
   2.0000000e+00   4.9907815e-01   3.7069433e-01   1.0150134e+00   8.9611701e-01  -8.8565329e-01   6.8735597e-01  -2.4942897e-01  -9.2916832e-02  -1.1715721e+00   1.8658463e-01
   2.0000000e+00   7.7823739e-01   1.1568920e+00   2.5109224e-01   1.1167941e+00   1.2812322e-01   8.2773547e-01   9.3370629e-01  -7.1142132e-02   2.0381745e+00   4.8132650e-01
   2.0000000e+00  -3.1581443e-01   1.3404478e-01   2.9022148e-01  -5.7882109e-02   8.8159876e-02   2.2758437e+00  -1.2141258e+00   1.6172427e-01   8.9768992e-01   1.3328526e+00
   2.0000000e+00   1.7672059e-01  -8.2532591e-01   7.9662741e-01  -2.9917116e-03   7.2519819e-02  -2.4814219e-01   1.1392845e+00   4.2832944e-01   1.3956640e+00   9.7694631e-01
   2.0000000e+00   1.1290931e+00   3.6609487e-02  -5.6710061e-01   3.6454755e-01   1.0363844e+00  -1.8600642e-01   8.5773171e-01   1.8884203e-01  -3.2936433e-01   7.8922577e-01
   1.0000000e+00   5.8179112e-01   1.7083752e-01   1.2379788e-01   2.0888708e+00  -4.1192863e-01  -5.0050910e-02   2.0063861e-02   1.4111719e+00  -1.4940270e+00   3.0318462e-01
   1.0000000e+00   1.5712567e-01   1.4651760e+00   1.3495853e+00  -1.7512807e+00  -1.5484289e+00  -3.6569195e-01   7.8625224e-01  -4.7332687e-01  -1.0951769e-01   1.4202045e+00
   2.0000000e+00   1.4737079e+00   9.9253932e-01  -4.6205794e-01   8.1840892e-01  -7.4402881e-01   7.1099344e-01   1.8129267e+00   1.8402063e-01  -2.1365081e+00   1.7299703e-01
   2.0000000e+00  -1.5875929e+00   1.4810531e+00  -1.3021384e-01   6.4272584e-01  -7.4016308e-01   1.8735428e+00   1.1349716e-01  -1.4501480e+00  -3.4828831e-01   8.4537678e-01
   2.0000000e+00   8.7527620e-01   1.0262575e+00  -7.5638024e-01  -3.6927324e-01  -6.6033901e-01   1.6420979e+00   1.1577334e+00  -1.5167654e+00  -7.1843640e-01  -1.4446587e+00
   1.0000000e+00  -4.2554902e-01   2.8734001e-01  -1.3692080e+00   7.8141536e-01  -2.7267670e-01  -1.2127014e+00   7.1953541e-01   7.2942869e-02  -3.9557263e-01  -2.3500056e-01
   2.0000000e+00   5.7411539e-01   3.3311962e-01  -1.3240682e+00  -7.0000230e-01  -2.4565563e-01   3.9246520e-01  -7.2809199e-01  -6.7451451e-02  -3.3330979e-01   3.8290867e-01
   2.0000000e+00  -2.9646447e-01  -1.6773066e-01  -5.4452187e-01  -2.1621392e-01  -1.3415578e+00   8.4934618e-01  -1.6095237e+00  -1.9413072e+00  -9.7650222e-01   3.1099205e-01
   1.0000000e+00   4.5123309e-02  -1.0255849e+00   3.0684797e+00   8.3875854e-01  -1.8356395e+00  -4.7640308e-01   5.7569913e-01   4.3087530e-01  -1.9485137e-01   9.8240318e-01
   2.0000000e+00   9.0623804e-01   6.6259162e-01  -3.1677579e-01   1.3190485e-01  -2.1392945e+00   2.4655743e+00  -1.0833335e+00  -1.1640127e+00   6.3795165e-01   1.7444012e+00
   2.0000000e+00  -1.7847230e-01  -2.5941989e-03   1.9179765e-01   6.6337914e-01  -2.1236577e-01   3.1164397e-01  -1.1211740e+00  -3.3291277e-01  -1.5297815e-01  -4.0359492e-01
   1.0000000e+00   4.0308351e-01  -9.8639198e-01   3.1868440e-01   2.2208054e+00  -5.0814248e-02   6.8060680e-02   8.5168298e-02   8.8599622e-01   6.2595257e-01   1.3218283e+00
   2.0000000e+00   2.5033897e-01  -5.6091635e-01   4.7872873e-01  -6.2908787e-01   6.8571974e-01   3.4698849e-01  -4.6043787e-01   5.3747829e-01  -3.6875452e-01  -5.9006086e-01
   2.0000000e+00   9.6566537e-01  -1.0214934e+00  -9.2016531e-01   1.9271987e+00   6.2823999e-01   1.9467902e+00   6.5014945e-01  -9.8647788e-01   3.3685970e-01  -1.3792766e+00
   1.0000000e+00   8.0924904e-01   1.6325312e+00   1.1091999e-02  -3.7452965e-01  -4.6887554e-01  -4.8689239e-01   1.1975529e-01   1.2660019e+00   9.9017888e-01   9.6728876e-01
   1.0000000e+00   3.6215756e-01  -2.6038770e-02  -7.6000384e-01  -5.3393335e-01   2.5839699e+00  -7.1121968e-01   1.1513085e-01  -2.7804667e-01  -9.2840375e-01  -8.0890371e-01
   2.0000000e+00  -5.8649151e-01  -1.9475205e+00   5.8921781e-01   3.2199924e-01  -8.2150953e-01  -6.0827514e-01  -9.3231694e-01   5.2587893e-01   7.3373119e-01  -7.1990971e-01
   1.0000000e+00  -7.0161961e-01  -7.7773501e-01   5.5814719e-01   1.2614120e+00  -3.3228180e-02  -9.4260192e-01   2.3101456e-01   7.5027329e-01  -5.6856425e-01  -1.1415431e+00
   2.0000000e+00  -1.2734301e-01   4.1347416e-01  -5.8017728e-02   4.0709988e-01   7.7746691e-01  -9.5795799e-01  -1.0602798e+00  -1.1774660e+00  -1.8048335e+00   1.1242975e-01
   2.0000000e+00  -1.3761826e+00  -3.9869260e-01  -7.9159403e-02  -2.6208321e-01  -4.2688201e-01  -1.8582894e+00  -1.5185459e+00  -1.6336486e+00   3.4898475e-01   8.9001125e-01
   2.0000000e+00   2.0513384e+00  -9.3893095e-01   1.7143032e+00   2.5930673e+00   5.3068678e-01   2.5565903e-01   3.8973463e-01  -3.4386353e+00   2.0680043e-04  -2.2861547e-02
   2.0000000e+00  -1.2697016e+00   5.1254128e-01  -5.4596665e-01   7.0078052e-01  -5.3774814e-01   3.3229476e-01   1.5177305e+00  -5.7781556e-01  -6.1570330e-01   9.3329430e-01
   2.0000000e+00   1.5366609e-01   1.0503130e+00   1.0149441e+00   5.9117463e-01   8.8363769e-02  -1.3437365e-02  -1.0055835e-01  -1.9624701e+00   1.1870921e+00   9.9822769e-01
   1.0000000e+00   7.4108226e-02   1.0836637e+00  -2.0128783e-01   4.6286235e-02   5.7725534e-01   1.2241074e+00   6.1041345e-01  -5.1127861e-01  -1.1310983e+00  -5.4700862e-01
   1.0000000e+00   2.2674255e-01  -6.8503539e-03   8.0641289e-01  -7.5148430e-01  -2.5709892e-01   2.6052926e-01   7.1444021e-01   1.4059445e+00   3.7263219e-01  -2.0777216e+00
   2.0000000e+00   4.6146789e-01   2.6246755e-01  -7.0559604e-01   2.4868727e+00   1.1054951e+00   2.6637095e+00   1.0974842e+00   8.9370035e-01  -9.3785677e-01  -4.6468393e-01
   1.0000000e+00  -4.0770353e-01  -3.8393025e-01   1.2219382e+00  -6.0468624e-01  -4.3566481e-02  -7.7437817e-01   1.9617181e-01  -3.1133200e-01   1.6150562e-01   4.9804527e-01
   2.0000000e+00   7.8234969e-01  -1.7312590e+00   1.1389087e+00   5.7541131e-01   8.0889496e-01   1.6030718e+00  -6.5459528e-01   4.3293499e-01  -9.0528782e-01  -4.2675041e-01
   2.0000000e+00  -2.9061098e-01   8.2481559e-01   1.1288050e+00  -1.4478458e+00   1.3318401e+00  -2.0999359e+00  -2.4960521e+00  -6.3713792e-03   5.0972150e-01   1.4936145e+00
   2.0000000e+00  -4.5269440e-01  -1.9357004e-01   1.4828216e+00   2.5547165e+00  -5.0808012e-01  -3.6304555e-01  -1.9257911e-01  -8.7288046e-01  -9.2766536e-01   7.8425594e-01
   2.0000000e+00   1.3046312e-01   1.6041600e+00   4.9863267e-01   1.3331128e+00  -3.7563309e-01   5.5586152e-01  -4.4321837e-01  -8.1228209e-01   4.7287075e-01  -2.0984867e+00
   2.0000000e+00  -4.6674546e-01   1.6653019e+00  -6.9348880e-01   4.4831177e-01  -1.4055718e+00  -2.2050481e-01  -1.9019470e+00   3.9874497e-01  -2.5456203e+00  -1.1292792e-01
   2.0000000e+00   9.8498411e-01   2.0041769e-01  -1.8939947e+00  -1.0276905e+00   1.7707176e+00  -2.9438628e-01  -1.0496099e+00  -6.5077064e-01  -3.6458173e-01   1.2999903e+00
   2.0000000e+00  -1.0305744e+00  -1.0750244e+00  -7.5537792e-01  -1.3249802e+00  -1.0208124e+00  -6.6686121e-01   6.1143870e-01  -1.3038511e+00  -1.2294511e+00   3.7993016e-01
   2.0000000e+00  -5.0239120e-01   1.0971405e+00   1.7990908e+00   1.4801064e+00  -1.9840464e+00  -2.5704906e-01  -3.3651138e-01   3.3142360e-01  -6.2130459e-01   5.1903912e-01
   2.0000000e+00   1.5677643e+00   4.8599564e-01  -1.0099959e+00   4.5452831e-02  -5.0531561e-02   1.8139665e+00  -3.5872729e-01   1.9839836e+00   1.2436674e+00   1.9142056e+00
   2.0000000e+00   1.7064107e+00  -1.3784348e+00  -6.7948658e-01  -5.6664312e-01   7.7089159e-02  -1.0630143e+00   1.9315670e+00   1.1504293e+00  -4.2562393e-01   4.8880014e-01
   2.0000000e+00  -1.7577984e+00   2.7923168e-01   7.4282530e-01  -6.8299030e-02  -1.0595005e+00   6.1022046e-01  -7.0089988e-01  -7.3889022e-02  -9.1617456e-01  -9.4788706e-01
   2.0000000e+00  -1.0119195e+00  -1.7352000e+00   6.2273162e-01   6.4397393e-01  -5.7816417e-01   7.3117095e-01   1.2178525e-02   1.2861653e+00   6.0572258e-01   4.1098702e-01
   2.0000000e+00   9.1987931e-01   9.2713611e-01  -1.2047489e-01   1.8363126e+00   5.9868538e-01   9.3964653e-01   2.2979632e+00   3.5780057e-01   5.0026809e-01   3.8532812e-01
   2.0000000e+00   7.2196190e-01   3.7435950e+00  -1.2335995e-01   3.4794644e-01  -1.1377159e+00   2.7727577e-01  -3.2330740e-01  -1.5191650e+00  -1.5411062e+00   1.0537255e+00
   2.0000000e+00   1.6789773e+00  -8.6068589e-02  -3.6525333e-01  -7.4188679e-01   7.6417965e-01   2.8912041e+00  -1.1867290e-02   7.8433754e-01   1.9339584e-01  -2.0425153e+00
   1.0000000e+00   8.7936145e-01   5.0647848e-01   4.4694841e-01   8.5970821e-01  -1.7936415e-01   1.6933932e-01   7.9295061e-02   5.6254491e-02  -1.6540535e+00  -1.2663983e+00
   2.0000000e+00  -3.7169560e-02   3.4904231e-02  -6.2100526e-02  -7.6037787e-02   8.2976306e-01  -8.8470419e-01  -7.4208641e-01   7.4820628e-01   1.0048909e-01  -1.0115955e-01
   1.0000000e+00   2.8278493e-01   5.3015675e-01   2.4987543e-01  -2.7262561e-01   1.8209172e+00   5.1575712e-01   6.6919916e-01  -9.9150524e-01  -1.2386899e+00   1.9504655e+00
   2.0000000e+00  -1.3182236e+00   1.6008035e+00   6.5771447e-01  -1.2375976e+00  -9.9623880e-01   9.1789087e-01   4.4038811e-01  -4.9390947e-02   4.0682273e-01   7.3910068e-01
   2.0000000e+00   1.3029402e-01  -1.4644720e+00   6.1088807e-01  -9.7601735e-01  -7.8471191e-01   6.2072180e-01  -5.9268653e-01   3.0357836e-01   2.2616996e+00  -1.0822076e+00
   1.0000000e+00  -2.8481161e-01   1.0081226e+00   1.2973242e+00  -9.0104551e-01  -1.2318912e+00  -2.8665376e-01   4.6307360e-02  -1.9300569e+00   2.1351428e-01   6.9941025e-01
   2.0000000e+00  -7.8469574e-01  -3.6880701e-01  -8.6743226e-01  -9.8952641e-01   9.4081873e-01   1.7948932e-01  -9.7880120e-01   4.6344796e-01  -7.4535395e-01  -2.0664364e-01
   1.0000000e+00  -2.6208029e-01   4.8975639e-02  -5.0072684e-01  -7.6123594e-01  -1.8583119e+00   2.2252476e-01   3.3694420e-01  -1.8239149e+00   5.4732482e-01   5.7483406e-01
   2.0000000e+00   1.8540114e-01  -6.7539363e-01  -1.9112418e+00  -1.6604685e+00   1.5793928e+00  -1.4443906e+00   8.8716111e-01   6.0487445e-01  -6.5724077e-01   2.8476947e-02
   2.0000000e+00  -9.6389240e-01  -3.4895796e-01  -1.9501376e-01  -3.5676216e-01   8.1138322e-01  -1.5065120e+00   1.0044742e+00  -5.8277745e-01  -9.8440255e-01  -7.3582325e-02
   2.0000000e+00  -1.0231971e-01   8.8196770e-01   9.3641916e-01  -5.1279305e-01   1.1050266e+00  -2.5685187e+00  -5.8922357e-01  -8.9456158e-01  -1.0974878e+00  -7.2005422e-01
   2.0000000e+00  -6.5024795e-01  -1.6091244e+00   1.7235411e+00  -4.6899917e-01   1.0552482e+00   2.5616697e-01  -1.3063602e+00   4.8426921e-01   9.4763237e-02   1.8518466e+00
   1.0000000e+00   4.4528094e-01   1.8162996e-01  -1.7278265e-02   1.1303609e-01  -5.5177238e-01   5.6769262e-01   4.2778000e-01   6.6454121e-01  -8.4230334e-01   4.4684317e-01
   2.0000000e+00   8.2758508e-01  -2.3060203e+00   1.2760006e+00  -3.7771674e-01   7.7268310e-01  -5.3289119e-02  -6.2482878e-01  -2.1709560e+00  -4.2973443e-03  -1.4172041e+00
   1.0000000e+00   1.3504052e-01   8.3710293e-01   2.5589504e-02  -2.8649019e-01  -2.2849147e+00  -1.2985848e+00   5.1628264e-03  -9.0731657e-01  -7.3436838e-01  -2.1829119e-01
   2.0000000e+00   8.5828878e-01  -6.1026079e-01   1.8750202e+00   2.9293053e-01   9.9311719e-01   1.1908113e-01   7.0249034e-01  -3.1619500e-01  -6.8965924e-01   1.3720857e+00
   2.0000000e+00  -1.0239517e+00   9.3789609e-01  -3.2084307e-01  -8.1323437e-01  -1.0580071e+00  -7.4811492e-01  -1.6228356e-03  -9.0361052e-01   1.5831953e+00  -8.4242258e-01
   2.0000000e+00  -1.0580659e+00  -4.3733805e-01   6.8967483e-01  -7.6754977e-01   1.1689238e+00  -1.9531010e-01   1.5071975e-01  -5.7969499e-01  -2.5000873e-02   3.0074210e-01
   2.0000000e+00   4.2746904e-01  -1.6939304e+00   3.6080058e-01  -4.3240289e-01  -4.6580103e-01  -6.8686224e-01   3.3005894e+00   2.0130580e-02   5.7743246e-01   2.2007304e+00
   2.0000000e+00   2.7882761e+00   3.9632497e-01   7.0791529e-01   7.9231955e-01   1.7296485e+00  -1.8722626e+00  -1.4359705e+00   5.8644922e-01   6.6332742e-01   2.3240497e-01
   2.0000000e+00   9.1252332e-02  -2.2258493e+00   1.9374544e-01  -1.3128056e+00  -3.7372364e-01  -8.6353191e-01  -3.8454293e-01  -1.1128192e+00  -5.2781253e-01  -5.8974712e-01
   1.0000000e+00  -5.7130301e-01   1.3465167e+00  -4.1469052e-02  -7.7065568e-02  -9.2221708e-01  -1.6837463e+00   6.2268722e-01  -4.3720486e-01  -7.0402764e-01   4.1759416e-02
   1.0000000e+00   7.6013016e-01   1.8781243e+00  -1.8150373e+00  -7.6694689e-01   2.4856496e-01   7.2821679e-01   2.4729091e-01  -2.8023976e-01   2.0085659e+00  -2.1372185e+00
   2.0000000e+00   4.5007580e-02  -9.3921641e-01  -7.8944042e-02   6.7361487e-01   1.4921727e+00  -6.6946166e-01  -3.1324199e-01   4.8924358e-01   1.1165394e+00  -8.6077039e-01
   2.0000000e+00   9.7147317e-01   5.2513087e-01  -6.5816483e-02  -1.9908463e+00   4.0737202e-01   1.6081944e+00  -6.1984533e-01   4.8063362e-01   9.7360329e-02  -4.7548992e-01
   1.0000000e+00   1.2432271e-01  -6.9969523e-02   4.5380634e-01  -1.6269022e+00  -9.0530677e-01   2.0422122e-01   2.0034998e-01  -2.3845819e+00   1.8231303e-01  -4.5082441e-01
   2.0000000e+00  -1.0511102e+00   4.6274606e-01   4.0234106e-01   2.3141459e-01  -7.0485219e-01   4.6629084e-01  -6.8281830e-01  -1.2161606e+00  -1.9022565e+00  -1.3407636e-01
   2.0000000e+00  -8.9334192e-01   6.0804875e-01  -1.3658438e+00   2.0254800e+00  -1.5893052e+00   7.2861627e-01  -1.1811911e+00   6.7420178e-01  -3.5812558e-01  -3.9779702e-01
   2.0000000e+00   9.9819559e-01  -5.5736358e-01   3.3950529e-01   6.5212187e-01  -1.4389771e+00   1.7773968e-01  -1.2614762e+00   1.3624445e+00  -7.8435765e-01  -1.1494000e+00
   2.0000000e+00  -7.4967916e-01  -8.6120092e-01  -1.3851725e+00   2.2340893e-01  -1.2073885e+00   1.5718733e-01   1.9229428e+00   4.0768667e-01   6.4090605e-01   1.6588487e-01
   2.0000000e+00  -1.7463579e+00  -3.4034219e-01   9.6860728e-02   3.9719549e-01   3.7348376e-01   2.5594153e-02  -4.1486648e-01  -1.0703614e+00   3.0301616e-01   4.1469153e-01
   1.0000000e+00  -6.7824225e-01   1.2412438e+00  -3.2264566e-01   1.0375662e+00   8.3222930e-01   6.2185649e-01   5.2483616e-02  -2.4745130e-01   7.5160160e-01   2.3336490e-01
   2.0000000e+00  -5.4432793e-01  -1.2230926e-01   7.7760616e-01  -1.2924353e+00   5.9657466e-01   5.6492372e-01  -3.4423275e-01   8.0273521e-01   1.0339368e+00  -7.0384519e-02
   2.0000000e+00  -1.6673981e+00   2.1437180e+00   3.4053259e-01   2.0130757e+00  -1.0405763e+00  -2.1772847e+00  -1.0913523e+00  -2.2125953e-01   6.3572744e-02   5.3438643e-01
   2.0000000e+00   4.2723915e-01   2.5325624e+00   5.3686025e-01  -3.8419185e-01  -8.1306139e-01  -4.1926035e-01  -3.6350797e-01   1.0340737e+00  -5.4357172e-01   2.1099195e-03
   2.0000000e+00   8.6952148e-01  -1.4557314e+00  -4.9747295e-01  -6.3500778e-01   8.4371449e-01  -1.3988523e+00   7.8096462e-01  -1.3481499e-01  -5.8871322e-01   3.4935587e-01
   1.0000000e+00  -9.7775496e-02  -1.8397182e+00   7.7715741e-01   9.0455985e-01  -5.8221163e-01  -1.9942832e+00   2.0181556e-01   2.1009455e-01   4.3911719e-01  -6.9133800e-01
   2.0000000e+00   1.0493132e-01   3.7022351e-01   1.0100419e+00  -7.7131010e-01   2.7151837e-01   1.1474929e+00  -7.3439524e-01   5.2076257e-01  -2.2591625e-01  -6.3265384e-02
   2.0000000e+00   1.0490409e-01   2.5002087e-02   6.6374251e-01  -1.5133223e+00   4.9935550e-01   1.6596423e+00  -6.3853698e-01   4.8608921e-02   6.5167219e-01   4.1271998e-02
   2.0000000e+00  -3.6916644e-02  -9.1646759e-02   9.7012801e-01   6.3273189e-01   4.2817474e-01  -1.1241581e+00  -8.1780281e-01  -2.8197454e-01  -7.9585393e-01  -5.5751388e-02
   2.0000000e+00   4.7976159e-02  -8.5552224e-01   1.3285266e-01   3.0698425e-01  -4.7037003e-01   1.4045759e-01   1.8283240e+00   5.1291749e-01   4.6602753e-01  -3.9363549e-01
   2.0000000e+00   1.2973279e+00   1.8473992e-01  -8.0756771e-01  -6.0616835e-01  -1.9074251e-01   1.7195308e+00  -4.6663648e-01  -7.2892912e-01  -1.1514722e+00  -4.8874672e-01
   2.0000000e+00  -1.1448428e+00   1.3930405e-01   3.5669728e-01   6.9016176e-01  -7.7861846e-02   8.6466811e-01   7.0625067e-01   3.9570640e-01  -2.3889639e-01  -4.8180104e-01
   1.0000000e+00   3.5577242e-01   2.3495195e-03   2.8026884e-01  -6.0221815e-01  -6.7036826e-01   1.2145063e-01   5.9434752e-01   7.5603469e-01  -1.5379088e+00  -2.2984330e+00
   1.0000000e+00  -7.2557736e-02  -8.5420126e-01   5.6476143e-01   7.9857108e-01  -5.1898055e-01   3.5178320e-01   2.0332829e-01  -1.6867939e+00  -1.9724393e+00   1.3144605e+00
   1.0000000e+00   5.9336508e-01  -7.2425274e-01   7.5973846e-01  -2.6793292e-01   1.1729776e+00   1.1528736e+00   2.6472403e-02   3.6343096e-01  -8.2366625e-01   4.0100998e-01
   2.0000000e+00   1.7741529e+00  -1.3833614e+00   5.9970606e-01  -2.0008827e+00  -1.6586613e+00   1.7974564e+00   5.1941940e-01  -1.6387450e+00   1.5721596e-01  -1.0079729e-01
   2.0000000e+00  -2.7335980e+00   1.3013601e-01  -1.4307429e+00   4.9411371e-02  -1.8665325e-01   1.2109950e+00   1.8428490e-01  -4.1969819e-01   1.2390173e-01   5.4759907e-01
   2.0000000e+00  -1.0873939e+00   4.9054199e-01  -1.3224583e+00  -2.4127287e-01  -1.1196277e+00  -9.0906512e-01  -4.6450077e-01   1.6828906e-01   6.7441791e-01   5.7049222e-01
   2.0000000e+00  -1.1579721e+00  -9.2289286e-01  -7.9720652e-01   1.0297123e+00  -2.0717862e+00  -8.8455572e-01  -4.0535664e-01   5.4957824e-01   1.3576480e-01  -5.2633415e-01
   2.0000000e+00  -7.9717785e-01  -6.1828106e-01  -7.5626955e-01   8.3113219e-01   3.3647062e-01   8.7427973e-01  -2.0810651e+00  -1.1571028e+00   1.4372080e+00  -1.7745753e-02
   2.0000000e+00   9.5827120e-01  -1.8057069e-01   1.9612062e-01  -5.0175193e-02  -5.9543646e-01   8.2989366e-01  -1.2843917e+00   9.6617182e-01  -1.1174287e+00  -1.1991972e+00
   2.0000000e+00   5.8611844e-02   1.0973674e+00   1.9182531e+00   1.1582047e+00   9.1518149e-01  -9.1335186e-01  -1.1019434e+00   8.6729288e-01  -1.5033873e-01  -1.3647593e-01
   2.0000000e+00  -1.2126843e-01  -1.2582962e+00   1.1571340e+00  -6.8394774e-01   3.8617513e-01   9.6869204e-03  -2.1883945e+00   2.5614088e+00   1.9473987e+00   7.4683860e-01
   2.0000000e+00  -1.9543297e-01   5.2903771e-01  -1.2106735e+00  -1.0103368e+00   1.6767064e-01   6.7736706e-01  -1.1041164e+00   2.2222998e-01  -2.1542011e-01   8.1998372e-01
   1.0000000e+00  -3.9758020e-01   1.1866321e+00   3.9688369e-01  -8.3920950e-01   9.5061958e-02  -1.0339201e+00   3.3726471e-01   3.1518947e-01  -3.7660081e-01  -2.1419582e-01
   2.0000000e+00  -5.0240061e-01   3.0962551e-01  -5.5255996e-02   5.3193849e-02  -3.9080815e-01  -5.9548235e-01  -3.0098905e-01  -5.2335256e-02  -3.9374381e-01   7.0999775e-01
   2.0000000e+00   1.6869517e+00   2.6494515e-01  -1.2880799e-01   1.2615125e-01  -2.4722899e+00   9.8478700e-01   4.7922921e-01   1.9528014e+00  -6.3726436e-01   9.8205427e-01
   2.0000000e+00  -1.4947475e+00   4.6341603e-01  -1.4565773e+00   1.5200777e+00   1.1484755e-01  -1.1489527e-01  -1.8828152e-01   1.8273969e-01   1.9569415e-01  -1.2614727e+00
   2.0000000e+00  -4.1798971e-01  -8.2359902e-01  -1.7999301e+00   9.2763311e-03   1.6452915e+00  -5.7507613e-01  -4.4670591e-01   1.9882363e-01  -8.6883784e-02   7.5758612e-01
   2.0000000e+00  -9.1764466e-01   6.3903482e-01   8.2938959e-01  -9.4359546e-01   4.8016145e-01  -4.9224074e-01  -1.6986196e+00  -8.7875390e-01  -5.6674606e-01   1.4493510e-02
   2.0000000e+00   1.1982354e+00   3.1459817e-01   2.6781698e+00  -1.0931392e-01  -1.8418977e+00  -4.7965204e-01  -1.6719070e+00  -4.1207229e-01   1.6191063e+00   6.4958876e-01
   1.0000000e+00  -1.5619663e-02  -1.5099849e+00   4.0788841e-01   1.0471017e+00  -5.0095563e-01  -1.2426918e+00   7.8883816e-01  -3.4359044e-01   1.2548139e+00  -1.7540487e+00
   2.0000000e+00  -3.1316909e-01   6.5556662e-01  -7.2985145e-01  -8.3099610e-01  -1.0801149e+00  -4.6987650e-01   1.6506349e+00   5.1500977e-01   1.6152567e-01   1.4445014e+00
   2.0000000e+00  -8.2938044e-01  -7.0331877e-01   5.1834371e-01   3.2658075e-02   1.3323227e-01   1.5315485e+00  -5.2695003e-01  -5.0448415e-01   2.8237544e-01  -1.2378309e+00
   2.0000000e+00  -2.5537851e-01   1.0945014e+00   3.1999140e-02  -1.5227027e+00   4.9664452e-02   1.1211034e-01  -5.0065300e-01   2.2446633e-01  -7.3212129e-01   1.2613752e+00
   1.0000000e+00   6.1312353e-02   1.6920151e+00  -1.9186408e-01   1.1887709e+00   1.8663429e+00  -2.2812853e-01   5.2552429e-01   1.2373380e-01   2.9783102e-01  -7.8825786e-01
   2.0000000e+00  -1.6137364e+00  -4.6333133e-01  -2.2843022e-01   1.7186260e-01   6.3320983e-01   1.9426160e+00  -8.4357346e-01  -4.2012730e-01   1.2774871e+00  -5.3183817e-01
   2.0000000e+00   7.6833410e-01  -3.2413714e-02  -2.8786973e+00  -1.3683850e+00  -6.0665095e-01   1.0074963e+00  -8.0594527e-01  -1.3382700e+00  -2.2440961e-01   1.4941145e+00
   1.0000000e+00  -5.7720407e-01  -8.0642304e-01   1.2093449e+00   5.3275637e-01  -3.4822969e-01  -8.7802257e-01   3.3310635e-01  -4.4451687e-01  -2.1728932e+00  -1.6906938e-01
   1.0000000e+00  -6.8302998e-01  -2.2191283e-01   3.9488423e-01   9.6414975e-01   3.3274435e-01   4.4577352e-01   4.8165020e-01   2.3949995e-01   6.8944456e-01   1.6020128e+00
   2.0000000e+00  -1.9366809e-01  -4.8646944e-02  -1.5508299e+00  -8.2087551e-01   1.4694523e-01   1.0399659e+00   1.2030667e+00   7.9351423e-01  -1.4603981e+00  -2.0535709e-01
   2.0000000e+00   2.2935719e-01  -1.1155747e+00   6.7342095e-01   2.9292018e-02   3.1572494e+00   7.7576189e-01   9.9847738e-01  -8.4483392e-01  -1.2996323e+00   4.0644794e-01
   2.0000000e+00  -9.6896215e-01  -1.5903333e+00  -2.8696607e-01   1.4489645e+00   6.7789405e-01  -7.7825284e-01  -3.7009215e-01  -4.1148660e-01   5.2978801e-01   2.7510664e-01
   1.0000000e+00   6.2090090e-01  -7.5978135e-01  -1.0600501e+00  -4.8082970e-01   2.3604680e+00   5.6184653e-02   6.5292520e-02  -9.6893705e-01   1.8902919e+00  -3.6780612e-02
   2.0000000e+00   1.0749167e-01   4.2413476e-01   1.0436206e+00   2.1114649e-01  -1.4250466e+00   3.0201978e-01  -3.1042012e-01  -5.1395291e-01  -5.4459073e-01  -2.5227925e+00
   2.0000000e+00  -2.6718170e-01  -1.0209799e+00  -4.0697293e-01  -1.2582020e+00   6.8516195e-01   1.3877672e+00   1.6130058e+00   4.6721392e-01   5.9832101e-01  -7.7625584e-01
   2.0000000e+00  -8.1874038e-01   1.8677150e-02   4.9759710e-01  -1.6089569e-01  -1.2044531e-01  -1.4930913e-01   1.0336953e+00   2.0493583e-01  -5.0861465e-01  -2.5904072e-01
   2.0000000e+00  -1.3229635e+00  -8.9732397e-01  -7.4561756e-01  -8.1552826e-01  -1.9876300e+00  -3.3325406e-01   2.0362479e-01  -1.3862929e+00  -5.2928011e-01   9.4655172e-01
   2.0000000e+00  -3.6263634e-01  -2.3597552e+00  -3.7237793e-01   9.9496035e-01  -9.4687159e-01   7.8519558e-01   1.5872063e+00  -1.4243179e+00  -1.0997581e+00   8.5087801e-01
   2.0000000e+00   7.1931697e-01  -2.9491121e-01  -1.3395341e+00   3.7476661e-01   1.5610006e+00  -1.4790048e+00  -1.2603913e-01   6.3974585e-03   1.3700327e+00  -7.6564582e-01
   1.0000000e+00   7.7708157e-01   3.4114218e-01  -6.6199128e-01  -3.1124767e-01  -6.1622771e-01  -1.4779011e+00   9.1474507e-02  -9.2890223e-01   1.0036748e-01   1.1491841e+00
   2.0000000e+00   8.7406983e-01   9.6150937e-01  -3.1729760e-01  -6.5128921e-01  -1.1119904e-01   5.4790931e-01   4.0893157e-01  -9.8572748e-01   2.7899198e-01   1.4691795e-01
   2.0000000e+00   3.1856983e-01   5.9266416e-03   1.4667423e+00  -1.0002128e-01  -3.6570463e-02   1.3890568e+00   1.0103139e+00  -3.2133636e-01   2.0678406e-01  -9.8099180e-02
   2.0000000e+00  -6.3585860e-01   1.3333685e+00  -1.2736435e+00   1.1169411e+00   1.6190416e+00   6.6102355e-01  -6.2367100e-01   5.3204945e-01  -6.5059439e-01   2.8405567e-01
   2.0000000e+00  -1.0884372e-01   6.9626000e-01   8.2940450e-02   3.9607199e-01   1.0890214e+00   3.3653633e-02  -2.1483396e-02   2.7955946e-01   1.1902239e-01   1.5497625e-02
   2.0000000e+00  -5.1271016e-01   6.1620620e-01   6.6855736e-01  -5.4460404e-01  -8.0595770e-01  -1.7386742e-01  -9.2788972e-01  -9.1473154e-01   3.9493873e-01   2.2644897e+00
   2.0000000e+00  -1.1030297e+00   8.8514048e-01  -2.0338707e-01   1.7817822e-01   3.6369148e-01   7.2631370e-01   8.5708081e-01  -9.6990749e-01   7.5026728e-01   6.2889881e-01
   2.0000000e+00   6.6837276e-01   5.0277083e-01   5.9052658e-01   1.0268942e+00   1.5347307e+00  -1.1233284e-01  -8.1115488e-03  -1.3419411e+00   9.8817796e-01   2.1979304e+00
   2.0000000e+00  -1.6325985e-01  -1.7017002e-01   9.9251767e-01  -2.7677863e-01  -1.3510409e+00  -9.7184671e-01  -1.1066345e+00   4.6357614e-02   1.7721559e+00   1.3810779e+00
   1.0000000e+00   5.5174503e-01   5.1289371e-01  -4.8246125e-01   3.8846890e-02   3.7624339e-01   1.3227380e+00   3.5170574e-01   7.9567900e-01  -1.0450593e+00  -8.8858277e-01
   2.0000000e+00  -1.7825168e+00  -5.6787623e-01  -2.4762894e-01  -4.5910711e-01  -1.1035128e+00  -1.1227570e+00   2.4420291e-01   1.3307502e+00   8.6944899e-01  -1.5535962e+00
   2.0000000e+00   1.2550913e+00  -9.0992167e-01   2.6336294e-01  -7.1223098e-01   9.0695858e-01   2.4401072e-01   6.6514891e-02  -1.1944600e-01  -7.1821518e-01   1.1257934e-01
   2.0000000e+00  -2.3658302e+00  -1.7488072e+00   1.9416042e+00   1.1996920e+00  -8.9311186e-01   2.1751512e+00  -2.9818592e-01   8.3908265e-01   2.3081574e-02   1.9811393e-02
   2.0000000e+00   4.5031645e-02   8.6494157e-01   5.8005992e-01  -7.6631314e-01   1.1910552e-01   1.2530477e-01  -1.1705341e+00   5.6013438e-01  -4.2432568e-01  -4.1982481e-01
   2.0000000e+00  -1.6807648e+00  -5.3418505e-01  -7.1865253e-01  -2.0772068e+00   2.6147854e-01   3.6337417e-01  -3.8605480e-01  -5.7812653e-01   1.5034224e+00  -5.6704398e-01
   2.0000000e+00  -7.7947004e-01  -1.0073751e+00   8.0889218e-01   2.8052698e-01  -2.0308735e-01  -1.1097129e+00   8.4432539e-01   1.2729271e+00   3.3254140e-01  -2.0448068e-01
   2.0000000e+00   4.8633923e-01   9.7196495e-02   4.1760880e-01  -2.3697369e-01  -2.3807106e+00  -1.4589773e+00  -2.0274090e-02  -3.6786277e-01  -1.5047768e+00   2.4215569e+00
   2.0000000e+00  -3.5074592e-01  -1.2388568e-01   1.7135914e+00  -6.3367515e-01   1.3629532e+00   1.9625565e-02  -8.3109149e-02   8.3139393e-01   8.6027324e-02  -7.9295529e-01
   1.0000000e+00  -2.3715686e-01   1.1788108e+00   1.2204439e+00   8.2521849e-01  -9.5937391e-01   5.7194739e-01   4.0598173e-01  -1.4333508e+00  -7.5654379e-01  -3.7282987e-01
   2.0000000e+00  -8.6401663e-01  -1.9124572e+00   5.4725820e-01   8.3196747e-01   5.1526991e-01   1.0324762e+00   1.7276660e+00   1.4051479e-02   1.7972766e-01   1.9050282e-01
   2.0000000e+00  -1.1964319e+00  -4.1022230e-01  -1.2039775e+00  -7.2360445e-01  -3.8942014e-01  -1.5935328e+00  -1.8164091e+00  -1.6063854e+00   3.3150561e-01   1.0492838e-02
   1.0000000e+00   3.0137683e-01  -7.6806467e-02  -1.4001529e-01  -4.1722773e-01   1.5986649e+00   2.5373048e-01   5.5079116e-02   1.1626936e+00  -1.3245407e+00  -3.0698928e-01
   2.0000000e+00  -3.6236923e-01  -1.5740073e+00  -4.7284679e-01   6.8510543e-01   5.1382321e-01  -3.3103493e-01   1.8311259e+00  -7.1602339e-01   1.5251034e+00   1.4692053e+00
   1.0000000e+00   6.3917084e-01  -5.5038594e-01  -1.2742070e+00   8.4431439e-01  -9.8464367e-01   1.1019815e-01   4.4027722e-01   1.3005887e+00   5.4108632e-01   7.6587026e-01
   2.0000000e+00   1.0513842e+00   1.6518451e+00   3.9130182e-01  -1.2797676e+00   5.5048641e-01   6.4610410e-01   2.1006399e-02  -4.7563398e-02   9.4467486e-01  -2.0208747e+00
   2.0000000e+00   7.2481277e-01   6.5369273e-01   1.2788259e+00   1.1658592e-01   6.0356328e-01  -6.4140879e-01  -1.3923983e+00   2.9074835e-01   3.8860177e-02  -8.0026554e-01
   1.0000000e+00   3.1720411e-02   7.0264124e-01  -5.0051220e-01   1.4313699e+00  -1.5231449e+00  -3.9267067e-01   8.7809525e-02  -1.4621006e-01   5.6150965e-01   5.6191628e-01
   2.0000000e+00   2.8833263e-01   1.3452049e+00  -3.8146579e-01  -4.1974580e-01  -1.1942436e+00   3.5816973e-01  -1.5231450e+00   1.3696475e+00  -4.7272274e-01  -1.6675588e+00
   2.0000000e+00  -6.8831366e-01  -1.3310797e+00   1.5745796e+00  -5.6643445e-01  -1.1493395e+00  -1.1936504e-01  -7.1136879e-01   8.4977263e-01   1.0545178e+00   8.9524282e-01
   2.0000000e+00  -6.6289158e-01  -1.2985347e+00   1.0671616e+00   7.0787578e-01  -2.9303712e-01   1.6265878e-01   7.1801467e-01   1.0754328e+00   1.1960893e+00  -9.0619880e-01
   2.0000000e+00  -1.4734192e-01   9.3029254e-01   1.3523575e+00   6.2961679e-01   2.3499372e-01  -2.6065829e-01  -1.2229036e+00  -9.8766072e-02   9.1997275e-02   1.3449086e+00
   2.0000000e+00   6.9989713e-01   6.5830998e-01   5.9447653e-01  -1.2865794e+00   5.2365780e-01  -5.9091549e-02  -1.3345079e+00  -8.8625343e-01  -1.0031013e+00   9.5896831e-01
   2.0000000e+00  -1.8047812e-01  -2.2994136e-01   1.2003008e+00  -1.1346372e+00  -1.3660329e+00  -1.2982787e+00  -1.3207245e+00   1.8384324e-01   4.9076358e-02  -5.9213939e-02
   2.0000000e+00  -1.4632690e+00   1.0285477e+00  -1.3393639e-03  -2.2167471e+00  -3.5582226e-01  -2.1051190e-01   1.0202131e+00   4.1876246e-01  -7.0590728e-01   1.8583104e+00
   2.0000000e+00  -1.3895362e+00   7.6597989e-01   7.0953790e-01  -5.1102043e-01   8.1613059e-01  -3.8312916e-01   7.9935867e-01   2.8078306e-02   4.6381651e-02  -1.5074824e-01
   2.0000000e+00  -6.7048661e-01  -7.9258997e-01  -1.1390734e+00  -6.3008445e-02  -4.0105369e-01  -1.6769876e-01  -2.9149305e-01   2.1809239e-01   5.7076811e-01  -1.5823577e+00
   2.0000000e+00  -8.8308358e-01  -6.0928670e-01   7.8600332e-01   8.5029434e-01   8.6231064e-01  -1.8206901e+00  -1.4103235e-01   3.1690697e-01   5.7288055e-02  -2.0834575e-01
   2.0000000e+00  -4.9391845e-01  -2.0615078e-01  -1.9169464e+00  -6.2098348e-01  -6.9482092e-01   1.2631531e+00  -1.1431655e+00  -3.4036114e+00  -1.0022552e+00   5.3821395e-01
   2.0000000e+00  -1.3957656e+00  -1.1836896e-01  -2.2860281e+00  -4.3460387e-01   3.3059987e-01   2.1539439e-02   3.2868130e-02  -1.3827785e+00  -5.4663929e-01   7.0866433e-01
   1.0000000e+00   5.7252064e-02   7.2421746e-02  -1.0421270e+00  -8.0297990e-02  -2.1035814e+00  -7.3097385e-01   1.0824817e-01   8.8939564e-01  -7.0472534e-01   1.0150392e+00
   2.0000000e+00  -1.5682378e+00   4.6977866e-01  -2.4103307e-01   6.4277201e-01  -2.3109524e-01  -9.7482008e-01  -2.2512693e-01   1.2941313e+00   8.2569954e-01   7.5328315e-02
   2.0000000e+00  -1.3180583e+00  -1.5294531e+00  -3.5070095e-01   5.2728556e-01   1.1191201e+00  -4.3429449e-01   1.0302569e+00  -2.9637631e+00   5.0661525e-01   3.1923927e-01
   2.0000000e+00  -8.7668168e-01   2.0565774e+00   8.4022672e-01   1.9976117e+00  -4.8692737e-01  -2.4984358e-01  -2.0691951e+00   2.1726848e+00  -1.8347852e+00   6.0329875e-01
   2.0000000e+00   9.9775854e-01   2.4719319e-01  -1.9560065e+00   2.0572842e+00   6.4096362e-01  -3.0571662e-01  -8.5774095e-01  -2.0482253e-01   1.6204446e+00   2.4040036e+00
   1.0000000e+00   1.8026736e-01  -1.7630064e+00   4.1655899e-02   1.6117214e-01  -5.2451217e-01  -8.6411272e-01   3.8609837e-01  -7.1118973e-01  -8.9396718e-01   3.1552844e-01
   2.0000000e+00  -1.4936289e+00  -3.7926685e-01  -1.0766290e+00  -1.3490159e+00  -1.4811179e+00  -6.6377602e-01  -3.3336245e-01  -1.1181410e+00   5.5514561e-01   1.8800553e+00
   2.0000000e+00   8.6343799e-01   1.6210811e+00  -4.4473431e-01   1.0230655e+00  -3.7851129e-01  -1.2023989e-01   1.7932324e+00   1.0045647e+00   6.3393527e-01   1.3234155e-01
   1.0000000e+00   1.7136208e-01   9.8407816e-02   7.7388984e-02   1.2114979e-01   3.6768730e-01  -4.2359499e-02   5.2438708e-01  -5.9133126e-01   1.9245923e-01   9.7946912e-01
   2.0000000e+00  -1.0966371e+00  -2.1793704e+00  -4.6886920e-01  -9.2150595e-01  -5.0663289e-01  -8.1996469e-01   9.0974288e-02   3.9546343e-01  -1.1603746e+00  -1.7639645e+00
   2.0000000e+00  -1.1261142e+00   2.1289241e-01  -6.8024512e-02   1.0516424e+00  -5.3399821e-02  -1.4656956e-02   7.5661545e-01  -4.0911773e-01  -1.2869535e+00  -1.2769078e+00
   2.0000000e+00   2.4018021e-01  -8.9346934e-01  -1.2315493e+00   1.9086064e-01   2.0067975e-01   9.9785421e-01  -1.9353116e+00   2.9165934e+00   1.0941770e+00   1.0752315e-01
   2.0000000e+00  -5.4714602e-01   2.8341283e-02  -5.7381671e-01   4.3917852e-01  -8.5520236e-01  -9.3212562e-01  -1.3981441e+00  -8.2631219e-01   1.4440705e-01   7.5880134e-01
   2.0000000e+00  -9.8466879e-01   1.6247296e-01  -8.6941403e-01  -4.1330883e-01   1.8971258e+00  -3.2527000e-02   1.3198120e+00   8.6118967e-01   9.0612716e-02  -1.5452179e+00
   2.0000000e+00   2.0062053e+00  -6.1751844e-01   4.1248011e-01  -6.5123358e-01  -7.7921943e-01   2.0983000e+00  -1.0337867e+00  -1.3377108e-01  -4.1410302e-01  -1.3665184e+00
   2.0000000e+00  -2.0503000e+00  -1.9820802e+00   3.3306528e-01   1.4952290e-01   9.5566457e-01  -7.9579674e-01   5.1741836e-01  -3.0917529e-02  -9.5552254e-01   3.5490699e-01
   1.0000000e+00  -3.2627666e-01   4.4005676e-01   7.8054618e-01  -1.1624917e-01  -5.6722578e-01  -2.1238796e-01   2.4860412e-01  -5.5568685e-02   3.4907315e-01  -5.0917670e-02
   2.0000000e+00   5.1256378e-01  -1.2809685e+00   1.2298935e+00   9.6430610e-01   8.1228415e-01  -7.2514099e-01  -1.1550286e+00  -1.7233823e+00   1.8477585e+00  -9.0568412e-01
   2.0000000e+00  -2.4070432e-01  -7.3495768e-02   4.4334152e-01  -1.3958224e+00  -1.7244243e+00  -2.0815953e-01  -1.5880019e+00  -2.2264176e-01   1.0312654e-01   6.4283269e-01
   2.0000000e+00   7.4024218e-01  -1.8900017e-01  -9.1332268e-01   6.2148798e-01  -3.0770061e-01  -2.3631046e-01  -3.5778172e-01  -1.9782611e-01  -1.0314948e+00  -1.1940106e-01
   2.0000000e+00  -6.4592717e-01   8.8315622e-03   1.4789284e+00   1.4987005e+00   3.8564229e-01   1.1540435e+00  -5.8151713e-02   1.6446001e+00  -5.1776702e-01  -1.5366204e+00
   2.0000000e+00  -9.0740175e-01  -5.0404566e-01   9.1643663e-01   5.0504115e-01   2.4848838e-02  -4.1488043e-01   8.4906473e-01  -5.2007751e-01   1.9203138e-01  -2.0710834e+00
   2.0000000e+00   4.2961973e-01   8.2642054e-01  -1.8378161e+00   3.9179110e-01  -1.3871239e+00   2.9636484e+00   1.4138391e+00  -5.2023192e-01  -3.3905672e-01  -4.3907513e-01
   2.0000000e+00   7.7043434e-02  -1.8959399e+00   1.0310065e+00   7.3776775e-01  -7.6397869e-01   4.8669520e-01  -6.7639812e-01  -6.1520423e-01   5.6831945e-01   1.4180567e+00
   2.0000000e+00  -3.5223875e-01   2.2422195e+00   8.3629313e-01  -2.3347905e-01   1.3093220e+00  -6.1629038e-01  -2.1433067e-01  -2.9866708e-01   2.1058542e-02   3.4984392e-01
   2.0000000e+00  -1.0594977e+00   7.0192219e-01  -8.8159387e-01   1.2237196e-01   1.6549947e+00   1.4686720e-01   1.3785887e+00   9.8505276e-01   7.6684689e-01   9.9636445e-01
   2.0000000e+00  -2.3497211e+00   1.4883333e+00  -1.7119922e-03   1.4880610e+00   6.5413843e-01  -1.4547860e+00   5.6498948e-01   1.4846508e-01   9.6436125e-01   2.9834131e-01
   2.0000000e+00   4.8864774e-01   2.4868480e-01   4.1112369e-01   3.8172139e-01  -1.1664547e+00  -1.5907180e+00   2.3441077e+00   1.1200464e+00  -3.3540968e-01  -7.6947335e-02
   2.0000000e+00  -5.4625198e-01   2.1201676e+00   8.2245952e-02  -1.3173046e+00   2.9143911e-01  -3.2755736e-01  -1.2386487e+00  -4.8953681e-01  -1.3070734e+00  -2.8188827e-02
   2.0000000e+00   1.1016646e+00  -3.4796612e-01  -1.3340411e-01   4.9615604e-02  -1.7847680e-01   5.9579513e-01  -1.3987955e+00   1.7691353e+00   1.3775064e+00   9.2172619e-01
   2.0000000e+00  -5.1130741e-01   1.4386685e-02   2.3966574e+00  -1.7800988e+00  -1.0570886e-01   1.7522090e-01   9.2830518e-01   2.7489766e-01  -1.1987994e+00  -7.7443252e-01
   1.0000000e+00  -6.9395941e-01  -1.6085922e-01   6.5174951e-01  -1.1862459e+00  -1.6492187e+00   1.4724125e+00   1.2165905e-01   8.9443622e-01  -1.2982620e-01   4.7932831e-01
   2.0000000e+00  -7.1067688e-01  -5.9127166e-01   8.4749372e-01   2.2208811e+00   6.6169850e-02   1.3356733e-01  -7.7215681e-01   1.6222705e-01   1.7644305e+00  -4.6335417e-01
   2.0000000e+00  -3.1181979e-01   2.0955433e+00  -5.2002927e-01   5.1953683e-01   7.7236773e-03  -4.5827931e-01  -2.5838111e-02   1.0177512e-01  -1.1989510e+00  -1.8363954e+00
   2.0000000e+00  -6.7336528e-01  -3.5558897e-01  -2.0912112e+00   2.0678682e+00   1.3427490e+00   1.4278475e+00  -1.2465752e-01  -3.2655967e-01  -1.6542117e+00   1.1270015e+00
   2.0000000e+00  -9.7508516e-01  -1.1572223e+00  -6.8970810e-01   5.3529564e-01   3.7785166e-01  -3.8089488e-01   1.6407438e+00   2.5512576e+00   1.9739403e-01  -8.2975398e-02
   1.0000000e+00  -5.3196263e-01  -5.6293093e-01  -4.4419612e-01  -7.5592707e-01   1.5372118e+00   8.9128358e-01   1.5759528e-01  -1.8839642e-01  -7.3881487e-01  -9.6140853e-01
   1.0000000e+00   6.5917157e-01  -6.9635794e-01  -7.4017867e-01  -2.5669814e+00  -2.6599814e-01  -4.4529758e-01   3.2925082e-02   1.1927175e-01  -1.3852631e+00  -1.4609532e+00
   2.0000000e+00  -2.4028014e-01  -1.4522599e+00   3.9796484e-01   8.0004013e-02  -3.9133271e-01  -2.6923775e-02   9.8589362e-01   5.7574425e-01  -5.9453579e-01  -2.4885848e-01
   2.0000000e+00   8.7408290e-01   1.4082664e+00   6.7479174e-01  -9.2079790e-01  -5.5771656e-01   2.0444250e-01  -1.6018953e+00  -4.3403916e-01  -4.6321389e-01   1.4984080e-01
   2.0000000e+00   1.5998104e+00  -4.0258900e-01  -1.1040540e+00   5.4787969e-01  -9.5043615e-01  -9.6465718e-01   1.2938421e+00  -5.2225874e-01  -9.5457164e-02  -9.9026530e-01
   2.0000000e+00  -1.1254724e-01   4.5081921e-01  -1.5964837e+00   8.8935710e-01  -1.8862604e+00   1.1116313e+00   1.0150249e+00   5.0832201e-01   9.1961984e-01  -9.5088608e-02
   2.0000000e+00   1.5787316e+00  -8.3033285e-01  -2.0362403e-01  -5.9814765e-01  -2.7441916e-01   9.0918226e-01   3.2102668e-01  -1.6509956e+00   4.0819227e-01  -1.8577814e-01
   1.0000000e+00  -2.4249063e-01   1.4933944e+00   1.4358325e-01  -1.4017680e-01  -6.5998817e-01   1.0663861e+00   3.0320841e-01   1.3380523e-01  -1.5089497e+00  -6.5317198e-01
   2.0000000e+00  -1.4975320e+00   3.5859451e-01   7.0648334e-01  -8.6166471e-02  -2.7395344e-01   8.6889160e-02  -3.2254890e-01  -1.6292399e+00  -1.7893556e+00  -1.4671361e+00
   2.0000000e+00   6.2874319e-01  -1.8232195e+00  -6.6870205e-01  -7.7372899e-01   4.6877602e-01   5.3743550e-01  -6.4586245e-01  -2.6276334e-02  -4.0258252e-01  -9.9148112e-01
   1.0000000e+00  -7.4160126e-01  -8.4464687e-03   5.3359915e-01   8.9995167e-01  -1.3854028e+00   1.1796164e+00   1.3752930e-01  -6.2545609e-01   5.4336524e-01   9.9797187e-01
   2.0000000e+00  -8.2290172e-01   1.2283551e+00  -2.3828737e+00  -9.6982559e-01  -1.0401579e+00  -6.9445327e-01   1.3588651e+00   1.3752034e+00  -4.0389732e-01   1.6668389e-01
   2.0000000e+00   2.0761862e-01   7.3228582e-01   9.1223853e-01   2.5503146e-01   2.8282377e-02   1.4429927e+00   1.6840286e+00   4.2321545e-03   1.2072809e+00  -1.2683115e+00
   2.0000000e+00  -8.2672921e-01  -3.2942173e-01  -1.1832721e+00   1.0076572e+00   2.8794843e-01   8.4383326e-01  -5.5449434e-02  -4.2456134e-01   1.6063735e-01  -6.5769288e-01
   2.0000000e+00   1.1879693e+00  -7.3557083e-01   6.7661529e-01  -1.2623407e+00  -6.3090981e-01  -1.2515690e+00   6.4970746e-01   6.6212831e-02   9.2778510e-01   1.8019633e+00
   2.0000000e+00  -1.8039220e-01   2.5029318e-01  -1.6375592e+00  -6.2069949e-01   1.8990153e+00  -1.0848766e-01  -5.0350523e-03   3.2274492e-01   1.2804180e+00   1.6718109e+00
   2.0000000e+00  -8.4226438e-01   3.4596124e-01  -2.4365783e-01  -8.7038766e-02  -1.0238008e+00  -2.2748499e+00  -5.7874910e-02  -1.0832816e+00   7.1835129e-01   2.1409489e-01
   2.0000000e+00   4.8212958e-01  -1.0282574e+00   1.0369025e+00  -7.8766107e-01   6.2188758e-02   3.8805496e-01  -1.0193059e+00  -1.4850819e+00  -2.3425917e-01   1.4009205e+00
   1.0000000e+00  -1.0913260e-01  -3.2548114e-01  -1.1729527e+00  -4.2995769e-01   2.5402457e+00  -5.7825527e-01   5.2637692e-01   7.5500559e-01   1.2874025e+00   6.8068557e-01
   2.0000000e+00   1.0401063e+00   7.3448919e-01   9.3117082e-02  -1.6036536e+00  -4.6436340e-01   1.3655425e+00   6.4687592e-01  -2.0982434e+00  -5.5581357e-01  -6.7045712e-01
   2.0000000e+00  -1.3291129e+00   2.9060726e-01  -8.4357769e-01   8.7152812e-01   7.2883046e-01  -1.4525830e+00   1.9346977e+00   8.2827114e-01   7.7788999e-01   5.9725724e-01
   2.0000000e+00   8.6512507e-01  -3.2389536e-01  -1.3702747e-02   5.1306943e-01   6.7993254e-01   1.4659199e+00  -1.2811335e+00  -9.6562313e-01   8.3226528e-01   4.7882760e-01
   2.0000000e+00  -1.5940137e-01  -6.0809087e-01   9.8369307e-01  -2.3118033e-01   1.9174536e+00  -6.5012247e-01  -2.1994498e-01   4.4711589e-01   1.5089275e+00   4.4883612e-02
   1.0000000e+00   4.9118177e-02  -2.3307826e-01   1.5870602e-01  -6.1632189e-01  -5.2416017e-01  -6.6710581e-01   5.2907961e-01   1.1017820e+00  -7.5418046e-01   7.2857992e-01
   2.0000000e+00  -8.8757971e-01   2.0185669e+00   2.1943385e+00   8.5944947e-01  -3.9594586e-01  -5.8882466e-02  -6.1858443e-01  -1.0087526e+00  -8.4370677e-02   5.3097348e-01
   2.0000000e+00  -1.3421945e+00  -9.5858228e-01  -8.9092893e-01  -6.5561091e-01  -4.0093719e-01   2.9194880e-01   1.1601251e+00  -9.9376024e-01  -6.4671078e-01  -8.1650494e-02
   2.0000000e+00  -6.2219271e-01   4.1461726e-01  -1.4580059e+00  -5.6094115e-01  -1.1056071e+00  -2.5266855e-02  -5.7453700e-01  -1.8664834e-01   2.8521635e+00  -4.4906726e-01
   2.0000000e+00  -7.6018385e-01  -1.1422104e+00   3.6038231e-02   1.7470654e+00   4.1839690e-01   6.7103348e-01   1.8029292e+00  -2.2869535e-01   8.3756527e-01  -1.1373087e+00
   2.0000000e+00   3.5240515e-01   1.8732232e-01  -1.2008204e+00   9.3773016e-01  -5.6180187e-01   1.2947411e+00   1.3378780e+00  -9.1767967e-01  -1.3533050e+00   4.3636205e-01
   2.0000000e+00   1.0202110e-01  -3.3889367e-01  -1.0815982e+00  -3.4943363e-01   1.6512908e+00  -7.6211033e-01  -2.9218579e+00  -1.9233854e-01  -6.7031076e-01   1.0772271e+00
   2.0000000e+00   2.8275439e-03  -2.4065662e-02   1.3927478e-01  -6.7902918e-01  -3.7723646e-01  -3.4183229e-01  -1.1450876e-01   1.0859905e+00   3.6390607e-01   2.5923787e-01
   2.0000000e+00  -3.4321155e-01   2.5332949e+00   2.9173781e-01   7.5725103e-01  -7.2905619e-01  -9.8004213e-01   4.8234179e-01  -6.8893817e-01  -2.2751178e+00   3.2454445e-01
   2.0000000e+00   2.3935077e-01   6.5069085e-01  -2.6767493e-01  -4.5546868e-01  -4.5350161e-01  -8.9146957e-01  -6.1239696e-01   1.2561995e+00  -1.3394302e-01  -1.7213176e+00
   2.0000000e+00  -2.4886921e-01   6.1025421e-01  -7.1403099e-01  -3.1980024e-02  -1.4875862e+00  -4.2587144e-01  -6.2694561e-01   4.8917539e-01   5.1328846e-01  -6.3864119e-01
   2.0000000e+00  -9.6516577e-01   1.3353202e-01  -4.4498585e-01  -8.1518082e-01  -1.4683125e-02  -9.3435453e-01  -4.1196698e-02  -7.1024717e-01   5.5378059e-01   1.5760667e+00
   2.0000000e+00  -1.3813494e-01   2.0076638e+00  -4.6662598e-01  -6.5122275e-01   8.9901580e-01  -1.0506598e+00   7.3619598e-01   2.0437143e-01  -7.9573292e-01  -2.3567264e-01
   2.0000000e+00  -1.2902318e+00  -2.9705541e-02   7.7474240e-01   1.4776482e-01   4.8603396e-01  -5.2069745e-02   9.9953015e-01   3.3220986e-01   1.0495277e+00  -7.1306039e-01
   2.0000000e+00  -1.5561170e+00  -1.2034284e+00  -1.4855823e+00  -7.3918270e-01  -9.2358482e-01  -1.1155867e+00   7.9079879e-01   1.7793868e-01   2.4389132e-01  -3.1033279e-01
   1.0000000e+00   4.1759091e-01  -8.6025394e-01  -1.6172419e+00  -4.4841724e-01   4.3199070e-01  -1.8191250e+00   5.2509970e-02   6.6541472e-01  -6.3019634e-01   7.6722614e-01
   2.0000000e+00   2.5080368e+00   6.7771559e-01   3.6830897e-01   3.8426014e-01  -1.1904287e+00  -3.5395954e-01  -4.9257802e-01  -5.3817288e-01  -6.9569816e-01   4.5382733e-01
   2.0000000e+00  -4.4649739e-01   2.5471449e-02   6.9972549e-01  -2.3326999e+00   1.1825714e-01   1.1328622e+00  -6.7540213e-02  -1.0712155e+00  -5.6915449e-01   1.9132840e-01
   2.0000000e+00   6.6296240e-01  -2.8306220e-01   4.0889219e-01   5.7729257e-01  -5.9929733e-01   6.5908696e-01   1.6138496e+00  -9.9668564e-01   1.0393958e+00   5.3146740e-02
   2.0000000e+00   8.1344791e-01   5.6101273e-01   1.4850211e+00   1.7182415e-01  -3.6328775e-01  -1.6175621e+00  -3.8940941e-01  -2.0923445e+00   1.3535353e+00  -8.9964382e-01
   2.0000000e+00   6.8630862e-01  -2.8274727e-01  -3.3666379e-02   1.4018141e-01   1.3590568e+00   1.2519470e+00  -1.2514863e+00   8.8402047e-01   9.1951833e-01  -8.9241675e-02
   2.0000000e+00  -6.1194451e-01  -1.0000869e-01  -6.6072834e-01   4.1184845e-01   2.4316603e-01  -5.9776582e-01   1.0082603e+00  -9.0325767e-01   2.5666525e-01  -1.1531663e-02
   2.0000000e+00   1.1499522e+00   6.1712554e-01  -6.2677164e-01  -5.1885577e-01   2.3289386e+00   1.3458797e+00  -1.2937021e-02   1.2201322e+00  -1.0737857e-01  -1.2870229e+00
   2.0000000e+00  -6.2740645e-01   3.8964345e-01   1.0712512e-01  -4.6236298e-01  -1.9812363e-02  -5.1366878e-01   1.3212659e+00   8.7268071e-01   3.5188302e-01  -1.3745614e+00
   1.0000000e+00   1.2804556e-01  -3.2603513e-01  -1.0956867e+00  -9.8151354e-01   9.0107264e-01   1.3637655e+00   5.6047409e-01   1.4431589e+00  -3.3854856e-02  -9.9843936e-01
   2.0000000e+00   7.2015135e-01   1.0580617e-02   1.2940372e+00  -7.1073900e-01   2.4100305e-02  -4.5937221e-01  -8.3179594e-01  -1.8951891e-01  -7.3986134e-01   3.0013684e-02
   2.0000000e+00  -1.4894577e+00   1.8391894e+00   4.1586516e-01  -1.5363500e+00  -1.8404827e+00  -7.1634394e-01  -8.3962029e-01  -6.5878727e-01  -6.9592324e-01  -1.0318277e+00
   2.0000000e+00   1.0601866e+00   2.8487733e+00  -1.0738483e+00  -1.4675932e-01   6.7673440e-02   9.3762947e-01  -1.0939191e-01  -1.3640289e+00   1.7835872e+00   1.0811301e+00
   2.0000000e+00   9.4591076e-02  -1.0467607e+00   2.7642972e-02   6.4461506e-01  -2.1548677e+00   1.5182298e-02  -5.6702191e-01   1.8672199e-02   9.6912233e-01   7.8647517e-01
   2.0000000e+00   1.1341359e+00   2.7219140e+00   7.4674822e-02  -7.2047737e-01  -4.0775759e-01   1.5419587e+00  -1.1593283e+00   1.5814026e+00   9.3986907e-02  -1.2322532e-01
   2.0000000e+00   2.4504315e-01  -1.7452781e+00   3.3411185e-01   9.3916690e-01   4.8133187e-01  -3.5061839e-01  -2.1091082e-01  -6.1496591e-01   1.6258078e+00  -3.6876127e-01
   2.0000000e+00   2.1110707e-02   1.1268512e+00   4.8177906e-02  -2.0732445e+00   8.2197372e-01  -1.3747995e+00  -1.0916846e+00   2.6824261e+00   7.4483965e-02   1.4238590e+00
   1.0000000e+00   3.9441245e-01   1.8505577e+00  -1.3522103e+00  -1.2698293e-01  -9.5698785e-01   1.2221249e+00   1.6918468e-01   4.3272315e-02  -6.3627983e-01   1.2035638e+00
   2.0000000e+00  -8.7000233e-01   3.8823367e-01   2.5220763e-01  -9.8866184e-01   1.0453926e+00  -2.4691402e+00  -6.7341427e-02   5.0949307e-01  -6.7846687e-01  -1.5885353e+00
   2.0000000e+00   1.2835509e+00  -2.5945534e+00   3.3953502e-01   4.2410693e-01   1.7297156e-01  -4.0645955e-01   6.3197150e-02   7.8955675e-01   5.7222304e-01  -2.6594414e-01
   2.0000000e+00   5.4669576e-01   8.5584612e-01  -9.7079512e-01   9.1738156e-01   6.2915175e-01  -6.6972967e-01   1.0995404e+00   2.1270780e-01  -3.5939294e-01  -1.8907631e-01
